NO_OF_FRAMES	31401
FREQUENCY	100
DATA_INCLUDED	6DOF(row-major-order)
ORDER	R11 R12 R13 R21 R22 R23 R31 R32 R33 Tx Ty Tz RMS
SOURCE_FILE	/afs/inf.ed.ac.uk/group/cstr/projects/galatea/DB/MotionCapture/Recordings_October_2014/Markers/Adam/CSTR/Adam_03_i.tsv.gz,Head/Adam_03_i.dof.gz
RIGID_BODY_MARKERS	 1 2 3 4
PROGRAM_NAME	EstimateRigidBodyWithSegment,nm-head-orientation
REFERENCE_FRAME	3
SEGMENT_HALF_WIDTH	2
SEGMENT_WINDOW_TYPE	rectangle
REFERENCE_MARKER_1	-0.356161 0.776172 0.231699
REFERENCE_MARKER_2	-0.305218 0.806233 0.0184393
REFERENCE_MARKER_3	-0.28099 0.806931 0.107984
REFERENCE_MARKER_4	-0.312766 0.819262 0.172194
REFERENCE_CENTRE	-0.313784 0.802149 0.132579
NOTES	Normalised_Head_Orientation
END_OF_HEADER
0.993265 -0.0834897 -0.0803358 0.0836877 0.996492 -0.000904929 0.0801295 -0.00582428 0.996767 0 0 0 1
0.993265 -0.0834897 -0.0803358 0.0836877 0.996492 -0.000904929 0.0801295 -0.00582428 0.996767 0 0 0 1
0.993265 -0.0834897 -0.0803358 0.0836877 0.996492 -0.000904929 0.0801295 -0.00582428 0.996767 -1.32667e-16 -1.01423e-15 -6.73045e-17 1
0.993258 -0.0833616 -0.0805612 0.0835493 0.996503 -0.00104462 0.0803665 -0.00569325 0.996749 -7.18097e-05 -5.49228e-05 2.79651e-05 1
0.993242 -0.0832752 -0.080839 0.0834534 0.996511 -0.00117675 0.0806549 -0.0055775 0.996726 -0.00011768 -9.04591e-05 9.64841e-05 1
0.993234 -0.0831059 -0.08112 0.0832718 0.996526 -0.00134117 0.0809497 -0.00542291 0.996703 -0.000225911 -0.000148965 0.000129477 1
0.993212 -0.0830767 -0.0814093 0.0832262 0.996529 -0.00156171 0.0812565 -0.00522428 0.99668 -0.000238027 -0.000141621 0.000147787 1
0.993186 -0.0832166 -0.0815937 0.0833611 0.996518 -0.00164053 0.0814461 -0.00517239 0.996664 -0.000127316 -8.27278e-05 0.00025 1
0.993153 -0.0833777 -0.0818198 0.0835137 0.996505 -0.00176465 0.081681 -0.0050805 0.996646 1.27028e-06 -5.39383e-06 0.000330838 1
0.993117 -0.0836157 -0.0820231 0.0837382 0.996486 -0.00195107 0.081898 -0.00493083 0.996629 0.000181858 0.000110763 0.000367882 1
0.993091 -0.0836779 -0.082269 0.0837789 0.996482 -0.00223048 0.0821662 -0.00467733 0.996608 0.00022593 0.0001705 0.000335223 1
0.993017 -0.0843731 -0.0824469 0.0844614 0.996424 -0.00242157 0.0823563 -0.00455892 0.996593 0.000755237 0.00046476 0.000393955 1
0.992981 -0.0845481 -0.0827006 0.084606 0.996411 -0.00281083 0.0826414 -0.00420586 0.99657 0.000882071 0.000582534 0.000290695 1
0.992966 -0.0845583 -0.082875 0.0845888 0.996411 -0.00314872 0.0828438 -0.00388373 0.996555 0.000873544 0.000631881 0.000184167 1
0.992921 -0.0847932 -0.0831713 0.0848032 0.996392 -0.00341902 0.0831611 -0.00365837 0.996529 0.00104426 0.000754676 0.000184557 1
0.992861 -0.0852565 -0.0834172 0.0852519 0.996353 -0.00362344 0.0834219 -0.0035139 0.996508 0.0013922 0.000961391 0.000234627 1
0.992855 -0.0850439 -0.0836995 0.0850176 0.996372 -0.00388507 0.0837262 -0.00325862 0.996483 0.00122052 0.000914276 0.000201378 1
0.99281 -0.0853066 -0.0839698 0.0852693 0.99635 -0.00403685 0.0840076 -0.00315222 0.99646 0.0014232 0.00103748 0.000280082 1
0.992761 -0.0855846 -0.0842682 0.0855315 0.996326 -0.00424587 0.084322 -0.00299245 0.996434 0.00164459 0.00117322 0.000326649 1
0.992757 -0.0855098 -0.0843896 0.0854429 0.996333 -0.00441139 0.0844574 -0.00283106 0.996423 0.00159436 0.00117583 0.000311122 1
0.992758 -0.0853833 -0.0845017 0.085302 0.996345 -0.00457842 0.0845838 -0.00266291 0.996413 0.00150732 0.001155 0.000284592 1
0.992773 -0.0850652 -0.0846524 0.0849702 0.996372 -0.00473199 0.0847478 -0.00249513 0.996399 0.00127818 0.00105352 0.000263934 1
0.992787 -0.0847793 -0.0847712 0.0846709 0.996397 -0.00488028 0.0848795 -0.00233257 0.996388 0.00107985 0.000962917 0.000234274 1
0.992797 -0.0845736 -0.0848642 0.0844582 0.996415 -0.00495588 0.0849791 -0.0022473 0.99638 0.000944153 0.00089029 0.00025321 1
0.992873 -0.0837552 -0.0847864 0.0836344 0.996484 -0.0049824 0.0849056 -0.00214417 0.996387 0.000331838 0.000592265 0.000200955 1
0.99295 -0.0829829 -0.0846407 0.0828541 0.996549 -0.00503964 0.0847668 -0.00200872 0.996399 -0.000242313 0.000302259 9.30147e-05 1
0.993019 -0.0823756 -0.0844289 0.082235 0.9966 -0.00514715 0.0845658 -0.00183179 0.996416 -0.000687908 7.92939e-05 -6.35462e-05 1
0.993093 -0.0816712 -0.0842385 0.0815164 0.996658 -0.00528111 0.0843883 -0.00162219 0.996432 -0.00120436 -0.000184146 -0.000246326 1
0.993166 -0.0810389 -0.083986 0.0808741 0.99671 -0.00536835 0.0841447 -0.00146062 0.996452 -0.00166422 -0.000428588 -0.00040901 1
0.993178 -0.0809945 -0.0838873 0.0808173 0.996714 -0.00551232 0.0840581 -0.00130483 0.99646 -0.00166069 -0.00046326 -0.000520332 1
0.993216 -0.0806171 -0.0837968 0.0804349 0.996744 -0.00555346 0.0839717 -0.0012244 0.996467 -0.00191514 -0.00062724 -0.000573295 1
0.993244 -0.0804137 -0.0836619 0.0802297 0.996761 -0.00556418 0.0838383 -0.00118558 0.996479 -0.00202922 -0.000730512 -0.000613455 1
0.993283 -0.0800795 -0.0835225 0.0798952 0.996788 -0.00555116 0.0836988 -0.00115918 0.99649 -0.00225 -0.000884686 -0.00064073 1
0.993302 -0.079946 -0.0834221 0.0797678 0.996798 -0.00547285 0.0835926 -0.0012182 0.996499 -0.0023127 -0.000967367 -0.000586651 1
0.993331 -0.0796709 -0.0833446 0.079492 0.996821 -0.00546871 0.0835153 -0.00119298 0.996506 -0.00248013 -0.0010961 -0.000596177 1
0.993338 -0.0796698 -0.0832592 0.0794911 0.996821 -0.00546472 0.0834298 -0.00119005 0.996513 -0.00243766 -0.00112261 -0.000578163 1
0.993347 -0.0795761 -0.0832401 0.0793972 0.996828 -0.00546247 0.0834108 -0.0011829 0.996515 -0.00246724 -0.0011785 -0.000538263 1
0.993361 -0.0794645 -0.0831878 0.0792821 0.996837 -0.00549947 0.0833617 -0.00113234 0.996519 -0.00251159 -0.00124018 -0.000536722 1
0.993388 -0.0790655 -0.0832349 0.0788628 0.996869 -0.00572596 0.083427 -0.00087603 0.996514 -0.00276876 -0.00138662 -0.000662469 1
0.993387 -0.0789965 -0.0833128 0.078775 0.996875 -0.00594712 0.0835222 -0.000655176 0.996506 -0.00277368 -0.0014099 -0.000733241 1
0.993379 -0.0789136 -0.0834893 0.0786649 0.996881 -0.00626949 0.0837237 -0.000339694 0.996489 -0.00278219 -0.00142316 -0.000843313 1
0.993379 -0.0786796 -0.0837175 0.0783983 0.9969 -0.00664741 0.083981 4.00797e-05 0.996467 -0.00290648 -0.00149184 -0.000984538 1
0.993343 -0.0788312 -0.0839968 0.0785206 0.996888 -0.00699999 0.0842872 0.000357912 0.996441 -0.00272951 -0.00140555 -0.00105378 1
0.993322 -0.078789 -0.0842792 0.0784487 0.996891 -0.00734654 0.084596 0.000685886 0.996415 -0.00271246 -0.00139662 -0.00113349 1
0.993291 -0.0788155 -0.0846279 0.0784483 0.996889 -0.00766026 0.0849684 0.000969944 0.996383 -0.00263848 -0.00135824 -0.00116031 1
0.993273 -0.0786635 -0.0849782 0.0782714 0.9969 -0.00794148 0.0853395 0.00123669 0.996351 -0.00270815 -0.00138955 -0.00118024 1
0.993243 -0.0786276 -0.0853557 0.0782141 0.996903 -0.00818393 0.0857348 0.00145261 0.996317 -0.00268972 -0.00137406 -0.00115798 1
0.99321 -0.078667 -0.085703 0.0782341 0.9969 -0.00840331 0.0860983 0.00164135 0.996285 -0.00261552 -0.00134873 -0.00113229 1
0.99319 -0.0785597 -0.0860385 0.0781173 0.996908 -0.00850266 0.0864404 0.00172366 0.996256 -0.00265983 -0.00137459 -0.00103681 1
0.993202 -0.0781036 -0.0863056 0.0776528 0.996944 -0.00857276 0.0867114 0.00181262 0.996232 -0.00298558 -0.00153882 -0.0009849 1
0.99319 -0.0779706 -0.086569 0.0775182 0.996954 -0.0085809 0.0869744 0.0018118 0.996209 -0.00306164 -0.00158294 -0.000870992 1
0.993201 -0.0776676 -0.086711 0.0772179 0.996978 -0.00853299 0.0871117 0.00177933 0.996197 -0.00328534 -0.00170287 -0.000781258 1
0.993212 -0.0774235 -0.0868059 0.0769833 0.996997 -0.00841256 0.0871965 0.00167286 0.99619 -0.00347127 -0.00179986 -0.000661339 1
0.993227 -0.0772337 -0.0868099 0.0767969 0.997012 -0.0083655 0.0871966 0.00164211 0.99619 -0.00362047 -0.00187872 -0.000641128 1
0.993244 -0.0770918 -0.086734 0.0766627 0.997023 -0.00827216 0.0871135 0.00156701 0.996197 -0.00374131 -0.00194248 -0.000617536 1
0.993275 -0.076919 -0.0865305 0.0764964 0.997036 -0.00819347 0.0869042 0.00151911 0.996216 -0.00389752 -0.00202386 -0.000663316 1
0.993291 -0.0770177 -0.0862657 0.0766086 0.997029 -0.00804729 0.0866292 0.00138461 0.99624 -0.00384583 -0.00200745 -0.000664261 1
0.993334 -0.0768393 -0.0859257 0.0764423 0.997043 -0.00790635 0.0862791 0.00128529 0.99627 -0.00401577 -0.00209657 -0.000721574 1
0.993367 -0.0768178 -0.0855578 0.0764329 0.997044 -0.00776969 0.0859017 0.00117872 0.996303 -0.00406749 -0.00213184 -0.000779152 1
0.993395 -0.0769329 -0.0851281 0.0765559 0.997036 -0.00768924 0.0854673 0.0011214 0.99634 -0.00400945 -0.00211843 -0.000897363 1
0.993436 -0.0768673 -0.0847087 0.0764999 0.997041 -0.00757949 0.0850406 0.00104953 0.996377 -0.0040905 -0.00217797 -0.00100131 1
0.993488 -0.0766041 -0.0843383 0.0762431 0.997061 -0.007498 0.0846648 0.00101896 0.996409 -0.0043217 -0.00231221 -0.00111901 1
0.993532 -0.0763864 -0.0840251 0.0760345 0.997078 -0.00738545 0.0843437 0.000948875 0.996436 -0.00451146 -0.00243208 -0.00118193 1
0.993568 -0.0762253 -0.0837447 0.0758753 0.99709 -0.00735773 0.0840619 0.000956247 0.99646 -0.00464888 -0.00252781 -0.00128948 1
0.993607 -0.075847 -0.0836194 0.0755003 0.997119 -0.00730444 0.0839325 0.000944448 0.996471 -0.00495288 -0.002706 -0.00132113 1
0.993637 -0.0754929 -0.083582 0.075142 0.997146 -0.00734024 0.0838976 0.00101302 0.996474 -0.00523259 -0.00286767 -0.00137988 1
0.993646 -0.0752678 -0.0836817 0.0749059 0.997163 -0.00746092 0.0840059 0.00114526 0.996465 -0.00540024 -0.00296929 -0.00143865 1
0.993659 -0.0749536 -0.0838068 0.0745828 0.997186 -0.0075511 0.084137 0.00125267 0.996453 -0.00563818 -0.0031083 -0.00146467 1
0.99367 -0.0745606 -0.0840285 0.07418 0.997216 -0.00764639 0.0843646 0.00136475 0.996434 -0.00593737 -0.00327342 -0.00146117 1
0.993668 -0.0743199 -0.0842607 0.0739289 0.997233 -0.00775545 0.084604 0.00147704 0.996414 -0.00611544 -0.00337387 -0.00145403 1
0.993696 -0.0736288 -0.0845438 0.0732366 0.997285 -0.00773538 0.0848838 0.00149491 0.99639 -0.00665077 -0.00363732 -0.00135428 1
0.993693 -0.0734205 -0.0847619 0.0730295 0.9973 -0.00770843 0.085099 0.00146969 0.996371 -0.00681552 -0.00372431 -0.00123988 1
0.993687 -0.0731762 -0.0850327 0.0727699 0.997318 -0.00787204 0.0853806 0.00163452 0.996347 -0.00700941 -0.0038011 -0.00125966 1
0.993677 -0.073103 -0.0852224 0.0726951 0.997323 -0.00788361 0.0855706 0.00163851 0.996331 -0.00708446 -0.00381956 -0.00117445 1
0.993648 -0.0732926 -0.0853892 0.0728797 0.997309 -0.00794667 0.0857419 0.00167305 0.996316 -0.00696103 -0.00373385 -0.00111913 1
0.993588 -0.0739837 -0.0854987 0.0735614 0.997258 -0.00808431 0.0858624 0.00174307 0.996305 -0.0064465 -0.00345939 -0.00111804 1
0.993557 -0.0743356 -0.0855546 0.0739067 0.997232 -0.00817446 0.0859254 0.00179873 0.9963 -0.00620749 -0.00330418 -0.00112493 1
0.993532 -0.0745981 -0.0856161 0.0741635 0.997212 -0.00825045 0.0859928 0.00184749 0.996294 -0.00604655 -0.00317305 -0.00112915 1
0.993516 -0.0747288 -0.0856804 0.0742828 0.997202 -0.00838655 0.0860674 0.00196759 0.996287 -0.00599009 -0.00308831 -0.00119647 1
0.9935 -0.0749502 -0.0856727 0.074504 0.997185 -0.00839881 0.086061 0.00196127 0.996288 -0.00586846 -0.00297624 -0.00119089 1
0.993478 -0.0752286 -0.0856829 0.0747804 0.997164 -0.00843286 0.0860743 0.00197046 0.996287 -0.0057057 -0.00283459 -0.00118839 1
0.993458 -0.0755121 -0.0856716 0.0750651 0.997143 -0.00843157 0.0860635 0.00194547 0.996288 -0.00554325 -0.00269678 -0.00116805 1
0.993443 -0.0757934 -0.085591 0.0753464 0.997122 -0.00844538 0.0859847 0.00194103 0.996295 -0.00537812 -0.00256005 -0.00119346 1
0.993414 -0.0762592 -0.0855137 0.0758174 0.997086 -0.00840689 0.0859056 0.0018681 0.996302 -0.00506472 -0.00235603 -0.00116197 1
0.993398 -0.0764791 -0.0855013 0.0760417 0.99707 -0.00836575 0.0858906 0.00180886 0.996303 -0.00494034 -0.00223935 -0.0011233 1
0.993397 -0.076532 -0.0854679 0.0760878 0.997065 -0.00844686 0.0858636 0.00188802 0.996305 -0.00493949 -0.00218105 -0.00120495 1
0.993384 -0.0766793 -0.0854873 0.0762253 0.997054 -0.00856789 0.0858924 0.00199492 0.996302 -0.00485241 -0.00208708 -0.0012918 1
0.993354 -0.0770157 -0.0855323 0.0765602 0.997028 -0.00859807 0.0859402 0.00199256 0.996298 -0.00461293 -0.00193704 -0.00127842 1
0.993332 -0.0772667 -0.0855601 0.0768087 0.997008 -0.00863793 0.0859716 0.00200857 0.996296 -0.00443272 -0.00182177 -0.00128685 1
0.993322 -0.0774742 -0.0854949 0.077009 0.996992 -0.00873083 0.0859142 0.00208864 0.9963 -0.00428044 -0.00172759 -0.00137495 1
0.993298 -0.0777958 -0.085484 0.0773341 0.996967 -0.00870336 0.0859018 0.00203419 0.996302 -0.00403295 -0.00160889 -0.00133694 1
0.993303 -0.0776895 -0.0855222 0.077226 0.996975 -0.00871971 0.085941 0.00205678 0.996298 -0.00410708 -0.00164916 -0.0013534 1
0.993337 -0.0771938 -0.0855749 0.0767267 0.997014 -0.00873881 0.0859939 0.0021147 0.996293 -0.00447748 -0.00183551 -0.00139835 1
0.993345 -0.0770941 -0.0855732 0.076629 0.997022 -0.00871211 0.08599 0.00209674 0.996294 -0.00453482 -0.00188913 -0.00139924 1
0.993352 -0.0769487 -0.0856202 0.0764863 0.997033 -0.00867355 0.0860336 0.00206712 0.99629 -0.00461936 -0.00196733 -0.00138033 1
0.993367 -0.0768019 -0.0855741 0.0763483 0.997044 -0.00856502 0.0859789 0.00197478 0.996295 -0.00470355 -0.00205402 -0.00134409 1
0.993385 -0.0767312 -0.0854341 0.0762975 0.99705 -0.00833474 0.0858216 0.00176119 0.996309 -0.00473548 -0.00212705 -0.00123872 1
0.993405 -0.0766443 -0.0852774 0.0762276 0.997057 -0.00813655 0.08565 0.00158239 0.996324 -0.0047762 -0.00220512 -0.00116948 1
0.993432 -0.0764414 -0.0851396 0.0760333 0.997073 -0.00802978 0.0855042 0.00150359 0.996337 -0.00490472 -0.00231862 -0.00117198 1
0.993475 -0.0760938 -0.0849482 0.0756973 0.9971 -0.00788289 0.0853016 0.00140111 0.996354 -0.00514816 -0.0024933 -0.00117309 1
0.993522 -0.0757211 -0.0847402 0.0753282 0.997128 -0.00782897 0.0850896 0.00139493 0.996372 -0.00540858 -0.00266991 -0.00125722 1
0.993555 -0.075488 -0.0845637 0.0750927 0.997146 -0.00785043 0.0849149 0.00144971 0.996387 -0.0055539 -0.00278907 -0.0013748 1
0.993585 -0.0752766 -0.0843907 0.0748802 0.997162 -0.00785654 0.0847426 0.00148695 0.996402 -0.00568164 -0.00290455 -0.00147033 1
0.993604 -0.0753099 -0.0841344 0.0749271 0.997159 -0.00770274 0.0844755 0.00134953 0.996425 -0.00562237 -0.00293912 -0.00144917 1
0.993633 -0.075068 -0.0840152 0.0746834 0.997177 -0.00771616 0.0843573 0.0013925 0.996435 -0.00576323 -0.00305758 -0.00153051 1
0.993662 -0.0747414 -0.0839622 0.0743545 0.997202 -0.00773012 0.0843051 0.00143816 0.996439 -0.00596718 -0.00320658 -0.00158216 1
0.993708 -0.0741645 -0.0839229 0.0737687 0.997245 -0.00781202 0.084271 0.00157199 0.996442 -0.00636416 -0.00343807 -0.00169872 1
0.993738 -0.0738451 -0.0838546 0.0734395 0.997268 -0.00791483 0.08421 0.00170703 0.996447 -0.00655928 -0.00356916 -0.00181652 1
0.993798 -0.0729708 -0.0839126 0.0725348 0.997332 -0.0082363 0.0842897 0.00209863 0.996439 -0.00718215 -0.00388222 -0.00209222 1
0.993831 -0.0724713 -0.0839546 0.0720189 0.997368 -0.00840881 0.084343 0.00231061 0.996434 -0.00751696 -0.00406752 -0.00222128 1
0.993841 -0.0721911 -0.0840696 0.0717185 0.997388 -0.00863233 0.0844732 0.00254982 0.996422 -0.00768148 -0.00417143 -0.00234441 1
0.993852 -0.0719225 -0.0841697 0.0714333 0.997406 -0.00881244 0.0845852 0.00274574 0.996412 -0.00784446 -0.00426582 -0.00243028 1
0.993849 -0.071758 -0.0843557 0.0712529 0.997418 -0.00898624 0.0847828 0.00292037 0.996395 -0.0079267 -0.00432409 -0.00248105 1
0.993852 -0.0714747 -0.0845583 0.0709673 0.997438 -0.00899487 0.0849846 0.00293869 0.996378 -0.00810403 -0.00443518 -0.00241016 1
0.993857 -0.0711944 -0.0847274 0.0706806 0.997458 -0.00905308 0.0851565 0.00300889 0.996363 -0.00829405 -0.00453465 -0.00238768 1
0.993888 -0.0706513 -0.0848275 0.0701397 0.997497 -0.00899977 0.085251 0.00299498 0.996355 -0.00869814 -0.00473079 -0.00233692 1
0.993893 -0.0704506 -0.0849339 0.0699424 0.997511 -0.00894876 0.085353 0.00295363 0.996346 -0.0088404 -0.00480469 -0.00226362 1
0.993909 -0.0701329 -0.0850053 0.0696287 0.997533 -0.00888507 0.0854187 0.00291214 0.996341 -0.00908441 -0.00491875 -0.00220285 1
0.993931 -0.0699166 -0.0849235 0.0694179 0.997549 -0.0088139 0.0853316 0.0028652 0.996348 -0.00926925 -0.00499407 -0.00218938 1
0.993935 -0.0699221 -0.084878 0.0694278 0.997548 -0.00876574 0.0852828 0.00281968 0.996353 -0.00927701 -0.00499035 -0.00217331 1
0.993926 -0.0702698 -0.0846932 0.0697799 0.997524 -0.00873561 0.0850974 0.00277267 0.996369 -0.009028 -0.00486035 -0.00219203 1
0.993953 -0.0701027 -0.0845181 0.0696128 0.997536 -0.00873375 0.0849221 0.00279739 0.996384 -0.00919219 -0.00491612 -0.00226559 1
0.993971 -0.0701281 -0.0842854 0.0696419 0.997534 -0.00869863 0.0846876 0.00277639 0.996404 -0.00920453 -0.0049102 -0.00232476 1
0.993969 -0.0703666 -0.0841139 0.0698755 0.997517 -0.00877167 0.0845223 0.00284126 0.996418 -0.00904231 -0.0048276 -0.00243198 1
0.993968 -0.0706754 -0.0838649 0.0701854 0.997495 -0.0087802 0.0842754 0.00284114 0.996438 -0.00883551 -0.00472824 -0.00250627 1
0.993968 -0.0709081 -0.0836636 0.0704201 0.997479 -0.00877293 0.0840748 0.00282841 0.996455 -0.00868199 -0.00466158 -0.00255954 1
0.993946 -0.0714638 -0.0834517 0.0709775 0.997439 -0.00878399 0.0838657 0.00280762 0.996473 -0.00827074 -0.0044789 -0.00260827 1
0.993941 -0.0717404 -0.0832694 0.0712531 0.997419 -0.00881225 0.0836867 0.00282566 0.996488 -0.00807662 -0.00439415 -0.00267393 1
0.99393 -0.0720504 -0.0831368 0.0715676 0.997397 -0.00877676 0.0835528 0.00277359 0.996499 -0.00785075 -0.00430118 -0.00266373 1
0.993947 -0.0719283 -0.0830451 0.0714399 0.997406 -0.00884127 0.0834656 0.00285502 0.996507 -0.00795449 -0.00435477 -0.00274808 1
0.993961 -0.071829 -0.0829594 0.0713383 0.997413 -0.00886804 0.0833817 0.00289631 0.996513 -0.00803899 -0.00440599 -0.00279384 1
0.993963 -0.0718148 -0.082946 0.07132 0.997414 -0.00891667 0.0833718 0.00294713 0.996514 -0.00804729 -0.00442396 -0.00282037 1
0.993971 -0.0717463 -0.0829074 0.0712525 0.997419 -0.00890291 0.0833321 0.00294187 0.996517 -0.00810697 -0.00446679 -0.00280339 1
0.99398 -0.0716277 -0.0829041 0.0711351 0.997427 -0.00888433 0.0833271 0.00293346 0.996518 -0.0081974 -0.00452872 -0.00277955 1
0.993981 -0.0716224 -0.0828962 0.0711278 0.997427 -0.00890882 0.083321 0.00295898 0.996518 -0.00820002 -0.00454377 -0.00277967 1
0.993995 -0.0713143 -0.0829934 0.0708171 0.997449 -0.00892287 0.083418 0.00299194 0.99651 -0.00843644 -0.00466637 -0.00275437 1
0.994007 -0.0711146 -0.0830237 0.0706176 0.997464 -0.00891078 0.0834468 0.00299444 0.996508 -0.00859541 -0.00475127 -0.00272473 1
0.994012 -0.0709856 -0.0830676 0.0704902 0.997473 -0.00888465 0.0834884 0.00297599 0.996504 -0.0086907 -0.00480885 -0.00268336 1
0.994029 -0.0706948 -0.0831195 0.0701918 0.997493 -0.00896197 0.0835447 0.00307416 0.996499 -0.00892634 -0.00491051 -0.00271855 1
0.99403 -0.0707111 -0.083089 0.0702116 0.997492 -0.00892162 0.0835115 0.00303455 0.996502 -0.00892964 -0.00490983 -0.00266676 1
0.994019 -0.0709324 -0.0830393 0.0704278 0.997476 -0.00899379 0.0834677 0.00309171 0.996506 -0.00877404 -0.00482368 -0.0026965 1
0.99403 -0.0707819 -0.083026 0.0702693 0.997487 -0.00908376 0.0834603 0.00319535 0.996506 -0.00891037 -0.00486493 -0.00275541 1
0.994028 -0.070822 -0.0830179 0.070287 0.997483 -0.00935291 0.0834713 0.00346198 0.996504 -0.00890186 -0.00482363 -0.00293331 1
0.994031 -0.0708692 -0.0829451 0.0703136 0.997479 -0.00960435 0.0834166 0.00371485 0.996508 -0.00889054 -0.004779 -0.00312586 1
0.994034 -0.070729 -0.0830344 0.0701462 0.997487 -0.00991955 0.0835274 0.00403581 0.996497 -0.00901473 -0.00479791 -0.00332446 1
0.994047 -0.0705197 -0.0830483 0.0699172 0.997501 -0.0101447 0.0835562 0.00427778 0.996494 -0.00920206 -0.00484519 -0.00348026 1
0.994038 -0.0706471 -0.083052 0.0700289 0.997491 -0.0103369 0.083574 0.00445924 0.996492 -0.00912274 -0.00477477 -0.00359191 1
0.994028 -0.0708094 -0.0830358 0.0701859 0.99748 -0.0104075 0.0835634 0.00451741 0.996492 -0.00901907 -0.0046986 -0.00360937 1
0.994019 -0.0709031 -0.0830572 0.070269 0.997472 -0.0105366 0.0835943 0.00463722 0.996489 -0.00896553 -0.00464227 -0.00366538 1
0.994009 -0.0710512 -0.083049 0.070412 0.997462 -0.0106041 0.0835917 0.00469295 0.996489 -0.0088727 -0.00457069 -0.0036758 1
0.99399 -0.0712907 -0.0830766 0.070648 0.997444 -0.0106545 0.0836238 0.00472129 0.996486 -0.00869965 -0.00446882 -0.00365867 1
0.993976 -0.0714207 -0.083127 0.0707731 0.997435 -0.0107144 0.083679 0.00476667 0.996481 -0.00860808 -0.0044064 -0.00365111 1
0.993963 -0.0714951 -0.0832217 0.0708357 0.997429 -0.0108525 0.0837836 0.00489189 0.996472 -0.00855615 -0.00435914 -0.00368641 1
0.993941 -0.0716747 -0.0833317 0.0710129 0.997416 -0.0108817 0.0838964 0.00489814 0.996462 -0.0084154 -0.0042874 -0.00362389 1
0.993939 -0.0716009 -0.0834183 0.0709377 0.997421 -0.0108903 0.083983 0.00490675 0.996455 -0.00846599 -0.00430761 -0.00358144 1
0.993927 -0.0716812 -0.0834872 0.0710131 0.997415 -0.0109477 0.0840562 0.0049525 0.996449 -0.00839603 -0.00427379 -0.00356964 1
0.993929 -0.0715807 -0.0835535 0.0709066 0.997422 -0.0110114 0.0841263 0.00502005 0.996442 -0.00846304 -0.00430786 -0.00357614 1
0.993931 -0.0715125 -0.083592 0.0708416 0.997427 -0.0109679 0.0841612 0.00497959 0.99644 -0.00849964 -0.00434085 -0.00351627 1
0.993934 -0.071473 -0.0835883 0.0708085 0.99743 -0.010891 0.0841519 0.00490622 0.996441 -0.00851289 -0.00437028 -0.0034444 1
0.993977 -0.0708327 -0.0836226 0.0701779 0.997477 -0.010748 0.0841729 0.00481485 0.99644 -0.00899669 -0.00461951 -0.00334617 1
0.994 -0.0705054 -0.0836256 0.0698484 0.9975 -0.0107601 0.0841751 0.00485446 0.996439 -0.00922901 -0.00474993 -0.00336217 1
0.99401 -0.0704028 -0.0835957 0.0697621 0.997508 -0.0105642 0.0841311 0.00466908 0.996444 -0.009286 -0.00481701 -0.00321205 1
0.994027 -0.0703314 -0.0834498 0.0696893 0.997513 -0.0105857 0.0839868 0.00470686 0.996456 -0.00932621 -0.00486699 -0.00327394 1
0.994046 -0.0701182 -0.083404 0.0694745 0.997527 -0.0105989 0.0839409 0.00474138 0.996459 -0.00946368 -0.00496159 -0.0033051 1
0.994018 -0.0706804 -0.0832605 0.0700283 0.997487 -0.0107305 0.0838097 0.00483575 0.99647 -0.00899535 -0.00477363 -0.00340809 1
0.994032 -0.0706504 -0.0831191 0.0700068 0.99749 -0.010635 0.0836618 0.0047526 0.996483 -0.00899037 -0.00481199 -0.00337568 1
0.994052 -0.070641 -0.0828825 0.069994 0.99749 -0.01069 0.0834297 0.00482517 0.996502 -0.00896901 -0.00482781 -0.00349394 1
0.994071 -0.0704736 -0.0828006 0.0698317 0.997502 -0.0106261 0.0833426 0.00478098 0.996509 -0.00905399 -0.00490075 -0.00347243 1
0.994086 -0.0703841 -0.0826971 0.0697367 0.997508 -0.0106952 0.0832438 0.00486495 0.996517 -0.00908366 -0.00493816 -0.0035488 1
0.994067 -0.0705761 -0.0827609 0.0699251 0.997494 -0.0107419 0.0833117 0.00489116 0.996512 -0.00887957 -0.00487847 -0.00352759 1
0.994038 -0.0708407 -0.0828889 0.0701755 0.997475 -0.0109143 0.0834528 0.0050324 0.996499 -0.00861615 -0.00477796 -0.00356636 1
0.994014 -0.0709169 -0.0831046 0.0702347 0.997469 -0.0111077 0.083682 0.00520435 0.996479 -0.00849143 -0.00474782 -0.0036015 1
0.993991 -0.0710058 -0.0833061 0.0703086 0.997462 -0.011277 0.0838954 0.00535211 0.99646 -0.00835665 -0.00471393 -0.00361752 1
0.99395 -0.0714802 -0.0833887 0.0707806 0.997428 -0.0113194 0.0839833 0.00534858 0.996453 -0.0079193 -0.00455627 -0.00355206 1
0.993977 -0.0710332 -0.0834451 0.070323 0.997459 -0.0114233 0.0840445 0.00548642 0.996447 -0.00820665 -0.00472588 -0.00361014 1
0.993998 -0.0707059 -0.0834728 0.069993 0.997482 -0.0114398 0.0840715 0.0055286 0.996444 -0.00840234 -0.00486247 -0.00360226 1
0.994026 -0.0702728 -0.0835117 0.0695573 0.997512 -0.0114501 0.0841086 0.00557285 0.996441 -0.00868365 -0.00503954 -0.0035972 1
0.994048 -0.0699423 -0.0835277 0.0692301 0.997536 -0.0113968 0.084119 0.00554636 0.99644 -0.0088898 -0.00518407 -0.0035461 1
0.994095 -0.0690879 -0.0836836 0.0683676 0.997595 -0.0114467 0.0842731 0.00565783 0.996427 -0.00950997 -0.00550966 -0.00356535 1
0.994121 -0.0687 -0.0836908 0.067982 0.997621 -0.0114023 0.084275 0.00564575 0.996427 -0.00977884 -0.00567757 -0.00353399 1
0.99414 -0.0683898 -0.0837127 0.0676768 0.997643 -0.0113288 0.0842901 0.00559703 0.996426 -0.00999199 -0.00581849 -0.00347143 1
0.994205 -0.0676712 -0.083526 0.0669516 0.997691 -0.0113904 0.084104 0.0057322 0.99644 -0.0105394 -0.00608662 -0.00361858 1
0.994274 -0.0669486 -0.0832835 0.0662285 0.99774 -0.0113821 0.0838573 0.00580117 0.996461 -0.0110979 -0.00636305 -0.00373714 1
0.994343 -0.0663331 -0.0829522 0.0656118 0.99778 -0.0113938 0.0835239 0.00588671 0.996488 -0.0115833 -0.00659576 -0.00389505 1
0.994408 -0.0658284 -0.0825802 0.0650984 0.997813 -0.0115043 0.0831569 0.00606418 0.996518 -0.0119844 -0.00677658 -0.00414254 1
0.994468 -0.0654314 -0.082173 0.0646975 0.997838 -0.0115663 0.0827522 0.00618589 0.996551 -0.0123027 -0.00692657 -0.00436411 1
0.994502 -0.065149 -0.0819794 0.0644144 0.997856 -0.0115764 0.0825579 0.00623215 0.996567 -0.0125303 -0.00704835 -0.00445979 1
0.994534 -0.0649602 -0.0817503 0.0642151 0.997867 -0.011713 0.0823368 0.00639936 0.996584 -0.0126902 -0.00712633 -0.0046538 1
0.994552 -0.064991 -0.0815062 0.0642528 0.997866 -0.0116507 0.0820895 0.00635021 0.996605 -0.0126722 -0.00714568 -0.00468431 1
0.994576 -0.0647943 -0.0813603 0.064063 0.997879 -0.0115697 0.0819374 0.00629473 0.996618 -0.0128324 -0.00724977 -0.00466659 1
0.994609 -0.0644863 -0.081208 0.0637541 0.997898 -0.0115799 0.0817841 0.00634014 0.99663 -0.0130764 -0.00738438 -0.00472413 1
0.994618 -0.064517 -0.0810741 0.0637933 0.997897 -0.0114873 0.0816448 0.00625351 0.996642 -0.0130537 -0.00741034 -0.00466017 1
0.994617 -0.0645016 -0.0810933 0.0637815 0.997898 -0.0114412 0.0816609 0.00620737 0.996641 -0.0130556 -0.00744859 -0.00457316 1
0.994624 -0.0642519 -0.0812106 0.0635197 0.997914 -0.0115706 0.0817846 0.00634987 0.99663 -0.0132381 -0.00755425 -0.00459298 1
0.994611 -0.0642969 -0.0813315 0.0635551 0.99791 -0.0116791 0.0819124 0.00644714 0.996619 -0.0131801 -0.00755501 -0.0045775 1
0.994662 -0.063048 -0.0816857 0.0622927 0.997989 -0.0117646 0.0822631 0.00661336 0.996589 -0.0141412 -0.00800764 -0.00453501 1
0.994644 -0.0629637 -0.0819658 0.0621877 0.997992 -0.0119893 0.0825561 0.00682783 0.996563 -0.0141848 -0.00803888 -0.00454868 1
0.994637 -0.0626911 -0.0822675 0.0619017 0.998009 -0.0121135 0.0828631 0.00695598 0.996537 -0.0143753 -0.0081437 -0.00449221 1
0.99462 -0.0626002 -0.0825364 0.0618049 0.998014 -0.0121575 0.0831336 0.00699097 0.996514 -0.0144274 -0.00818646 -0.00437624 1
0.994608 -0.0623589 -0.0828574 0.0615543 0.998029 -0.0122328 0.0834569 0.00706664 0.996486 -0.0146058 -0.00827337 -0.00426901 1
0.994537 -0.0633158 -0.082988 0.062509 0.997969 -0.0122877 0.0835974 0.00703308 0.996475 -0.0138467 -0.00794262 -0.00414247 1
0.994526 -0.0631715 -0.0832305 0.062362 0.997978 -0.012293 0.0838387 0.00703529 0.996454 -0.0139539 -0.00799199 -0.00401882 1
0.994511 -0.0632384 -0.0833598 0.0624171 0.997973 -0.0124239 0.0839765 0.00715262 0.996442 -0.013908 -0.00795026 -0.00401934 1
0.9945 -0.0632105 -0.0835098 0.062376 0.997974 -0.0125668 0.0841349 0.00728864 0.996428 -0.0139417 -0.00793818 -0.00402501 1
0.994487 -0.0633658 -0.0835432 0.0625228 0.997963 -0.0126713 0.084176 0.00737809 0.996424 -0.0138358 -0.00786687 -0.00404419 1
0.994481 -0.0634032 -0.0835943 0.0625363 0.997959 -0.0129513 0.0842448 0.0076521 0.996416 -0.0138248 -0.00782064 -0.0041986 1
0.994485 -0.0633813 -0.0835571 0.0624943 0.997958 -0.0131912 0.0842226 0.00789663 0.996416 -0.0138686 -0.00779622 -0.00435919 1
0.994493 -0.0633411 -0.0834928 0.0624411 0.997959 -0.0133502 0.0841681 0.00806329 0.996419 -0.0139277 -0.00778619 -0.00447257 1
0.994503 -0.0634429 -0.0833023 0.0625257 0.997951 -0.013576 0.0839929 0.00829285 0.996432 -0.0138796 -0.00771818 -0.00468275 1
0.994507 -0.063598 -0.0831327 0.0626627 0.997939 -0.0138144 0.08384 0.00852923 0.996443 -0.0137917 -0.00762869 -0.00488128 1
0.994516 -0.0637461 -0.0829143 0.062804 0.997929 -0.0139238 0.0836301 0.00864008 0.996459 -0.0137068 -0.00755171 -0.00500563 1
0.994517 -0.0640126 -0.0826926 0.0630627 0.997911 -0.0140513 0.0834193 0.00875945 0.996476 -0.0135246 -0.00743626 -0.00514282 1
0.994518 -0.0641948 -0.0825403 0.0632331 0.997898 -0.0142151 0.0832793 0.00891791 0.996486 -0.0134025 -0.0073496 -0.00528668 1
0.994499 -0.0647378 -0.0823498 0.0637869 0.997864 -0.0141295 0.0830886 0.00879896 0.996503 -0.0130011 -0.00715908 -0.0052163 1
0.994511 -0.0646783 -0.0822484 0.0637206 0.997866 -0.0142197 0.0829926 0.00890077 0.99651 -0.0130541 -0.00717448 -0.00530842 1
0.994563 -0.0639745 -0.0821714 0.0630181 0.997912 -0.0141826 0.0829072 0.00892724 0.996517 -0.0136144 -0.00742364 -0.00533412 1
0.994575 -0.063773 -0.0821837 0.0628008 0.997923 -0.0143625 0.0829289 0.00912338 0.996514 -0.013768 -0.00749028 -0.00545756 1
0.994579 -0.0636842 -0.0822024 0.0627007 0.997927 -0.0144935 0.082955 0.0092608 0.99651 -0.0138288 -0.00752581 -0.00552994 1
0.994608 -0.0630287 -0.0823585 0.0620203 0.997966 -0.0147482 0.0831205 0.00956073 0.996494 -0.0143173 -0.00775765 -0.00570079 1
0.994614 -0.0627702 -0.0824776 0.0617513 0.997981 -0.0148487 0.0832432 0.00967562 0.996482 -0.0144991 -0.00786272 -0.00572993 1
0.994575 -0.063275 -0.0825608 0.0622419 0.997948 -0.0150292 0.0833423 0.00980891 0.996473 -0.0140731 -0.0077056 -0.00578312 1
0.994574 -0.0631753 -0.0826583 0.062145 0.997955 -0.0149813 0.0834357 0.00976319 0.996465 -0.0141278 -0.00777185 -0.00569406 1
0.994571 -0.0630825 -0.0827589 0.0620556 0.997961 -0.0149251 0.0835317 0.00970846 0.996458 -0.0141746 -0.00783588 -0.00560064 1
0.994566 -0.0630702 -0.0828334 0.0620591 0.997964 -0.0147274 0.0835936 0.00950684 0.996455 -0.0141586 -0.00788372 -0.00540111 1
0.99457 -0.0628271 -0.08297 0.0618131 0.997979 -0.0147361 0.0837281 0.00952747 0.996443 -0.0143208 -0.0079905 -0.00535702 1
0.994571 -0.062581 -0.0831337 0.0615637 0.997994 -0.0147468 0.0838899 0.00954868 0.996429 -0.014484 -0.00809377 -0.00530932 1
0.994578 -0.0623782 -0.0832121 0.0613654 0.998007 -0.0146761 0.0839618 0.00949013 0.996424 -0.0146202 -0.00818177 -0.00522256 1
0.994586 -0.0621508 -0.083283 0.0611416 0.998022 -0.0146162 0.0840267 0.00944503 0.996419 -0.0147725 -0.00827731 -0.00515691 1
0.994593 -0.0620027 -0.0833104 0.0609862 0.99803 -0.0146936 0.0840573 0.00953339 0.996415 -0.0148626 -0.00832997 -0.00521303 1
0.994595 -0.0620445 -0.0832551 0.0610383 0.998029 -0.0145794 0.0839955 0.00941889 0.996422 -0.01481 -0.00833275 -0.00513312 1
0.9946 -0.0622255 -0.0830556 0.0612364 0.998019 -0.014406 0.0837875 0.00924217 0.996441 -0.0146593 -0.00828741 -0.00504436 1
0.994614 -0.0621135 -0.0829751 0.0611243 0.998026 -0.0144115 0.0837065 0.00926213 0.996447 -0.0147255 -0.00833767 -0.00508683 1
0.994622 -0.0621812 -0.0828304 0.0611997 0.998023 -0.014338 0.0835582 0.00919169 0.996461 -0.0146567 -0.00832696 -0.00506833 1
0.994649 -0.0617807 -0.082805 0.0607912 0.998046 -0.0144207 0.0835342 0.00930972 0.996461 -0.0149515 -0.00846479 -0.0051587 1
0.994659 -0.0616569 -0.0827733 0.0606611 0.998053 -0.0144953 0.0835059 0.00939677 0.996463 -0.0150284 -0.00850645 -0.0052226 1
0.994676 -0.061199 -0.0829167 0.0601843 0.998079 -0.0146845 0.0836561 0.00961602 0.996448 -0.015359 -0.00865898 -0.00533269 1
0.994663 -0.0614902 -0.082853 0.0604784 0.998062 -0.0146685 0.0835944 0.00957939 0.996454 -0.0151098 -0.00856238 -0.00529311 1
0.994722 -0.0603255 -0.083001 0.0592996 0.998131 -0.0147728 0.083737 0.00977291 0.99644 -0.0160022 -0.00896129 -0.00537728 1
0.994725 -0.0603258 -0.0829655 0.0592836 0.998129 -0.0149703 0.0837134 0.00997286 0.99644 -0.0159857 -0.00895528 -0.00551906 1
0.994731 -0.0602597 -0.0829435 0.0592063 0.998131 -0.015104 0.0836987 0.0101136 0.99644 -0.0160235 -0.00897808 -0.00560922 1
0.994751 -0.0598672 -0.082982 0.0587938 0.998153 -0.0153221 0.083746 0.0103629 0.996433 -0.0163118 -0.00910834 -0.0057822 1
0.99478 -0.0592674 -0.0830722 0.058169 0.998185 -0.0155819 0.083845 0.0106683 0.996422 -0.0167683 -0.00930992 -0.00598307 1
0.994748 -0.0599096 -0.0829855 0.0587985 0.998145 -0.0157714 0.0837765 0.0108091 0.996426 -0.016253 -0.00909208 -0.00610928 1
0.994753 -0.0598269 -0.0829896 0.0587132 0.99815 -0.0157985 0.0837812 0.0108431 0.996425 -0.0163124 -0.00913309 -0.00612403 1
0.994765 -0.0596785 -0.0829516 0.0585624 0.998158 -0.0158246 0.0837433 0.0108839 0.996428 -0.0164277 -0.00919677 -0.00616782 1
0.994762 -0.0598562 -0.0828559 0.0587417 0.998148 -0.0158263 0.0836497 0.0108763 0.996436 -0.0162984 -0.00915063 -0.00618279 1
0.994768 -0.0599118 -0.0827442 0.0588005 0.998145 -0.0158058 0.0835377 0.0108577 0.996445 -0.0162669 -0.00914543 -0.00620605 1
0.994774 -0.0600115 -0.0825993 0.0589124 0.99814 -0.0156822 0.0833867 0.0107342 0.996459 -0.0162071 -0.00913214 -0.00615598 1
0.994757 -0.0601941 -0.0826748 0.0591016 0.99813 -0.0156017 0.0834593 0.0106337 0.996454 -0.0160785 -0.00909531 -0.00605969 1
0.994738 -0.0603929 -0.0827557 0.0593078 0.998119 -0.0155104 0.0835368 0.0105208 0.996449 -0.01594 -0.00905151 -0.00595278 1
0.994711 -0.0607879 -0.0827964 0.0597153 0.998097 -0.0153718 0.0835733 0.0103462 0.996448 -0.0156505 -0.00894125 -0.0058105 1
0.994685 -0.0611422 -0.0828492 0.0600809 0.998077 -0.0152453 0.083622 0.0101866 0.996445 -0.0153947 -0.00884806 -0.00567757 1
0.994667 -0.0612805 -0.0829648 0.0602173 0.998069 -0.0152596 0.0837397 0.0101823 0.996436 -0.0153058 -0.0088216 -0.0056525 1
0.994686 -0.0611284 -0.0828471 0.0600711 0.998078 -0.015197 0.0836168 0.0101395 0.996446 -0.0154527 -0.00889972 -0.00567386 1
0.9947 -0.0610507 -0.0827286 0.0599999 0.998084 -0.0151319 0.0834938 0.010088 0.996457 -0.015541 -0.00895586 -0.00568722 1
0.994725 -0.0607752 -0.0826309 0.0597268 0.9981 -0.0151038 0.0833919 0.0100889 0.996466 -0.015785 -0.00908499 -0.00573571 1
0.994743 -0.0605519 -0.0825828 0.0595013 0.998114 -0.0151266 0.083343 0.0101333 0.996469 -0.0159866 -0.00919098 -0.00579756 1
0.994746 -0.0605624 -0.0825436 0.0595084 0.998113 -0.0151717 0.0833066 0.01018 0.996472 -0.0160069 -0.00921165 -0.00585067 1
0.994747 -0.060499 -0.0825724 0.0594391 0.998116 -0.0152359 0.0833385 0.0102478 0.996469 -0.016084 -0.0092553 -0.00589694 1
0.994742 -0.0605027 -0.0826343 0.0594302 0.998114 -0.0153801 0.083409 0.0103883 0.996461 -0.0161079 -0.00926654 -0.00598609 1
0.994724 -0.0606958 -0.0827038 0.059615 0.998101 -0.0154785 0.0834863 0.0104665 0.996454 -0.0159847 -0.00921064 -0.00602192 1
0.994693 -0.0610896 -0.0827909 0.0600046 0.998077 -0.015534 0.0835807 0.0104838 0.996446 -0.0157037 -0.00907939 -0.00600638 1
0.994674 -0.0611721 -0.0829554 0.0600707 0.99807 -0.0157109 0.0837564 0.010644 0.996429 -0.0156653 -0.00904892 -0.00608585 1
0.994661 -0.0612361 -0.0830584 0.0601242 0.998065 -0.0158251 0.0838668 0.0107468 0.996419 -0.0156445 -0.00902927 -0.00614646 1
0.994688 -0.0608318 -0.0830339 0.0597081 0.998088 -0.0159523 0.0838456 0.0109098 0.996419 -0.0159998 -0.00916506 -0.00630478 1
0.994687 -0.0607186 -0.0831341 0.0595838 0.998094 -0.0160662 0.0839512 0.0110274 0.996409 -0.016123 -0.009199 -0.00639544 1
0.994737 -0.0599806 -0.0830726 0.0588277 0.998136 -0.0162586 0.0838929 0.011286 0.996411 -0.0167452 -0.00944535 -0.0066604 1
0.99479 -0.0593576 -0.0828824 0.058201 0.998172 -0.0163042 0.0836987 0.0113954 0.996426 -0.017283 -0.00965701 -0.00685834 1
0.994819 -0.0592142 -0.0826412 0.0580586 0.99818 -0.0163196 0.0834572 0.011437 0.996446 -0.0174524 -0.00969728 -0.00701636 1
0.994821 -0.0593402 -0.0825198 0.0581865 0.998172 -0.0163187 0.0833373 0.0114327 0.996456 -0.0174044 -0.00965064 -0.00711078 1
0.994859 -0.0591227 -0.0822194 0.0579793 0.998186 -0.0162281 0.0830297 0.0113776 0.996482 -0.0176347 -0.00972686 -0.00723374 1
0.994863 -0.0592916 -0.082047 0.0581619 0.998177 -0.0160935 0.0828517 0.0112388 0.996499 -0.017557 -0.00967393 -0.00725887 1
0.994864 -0.0595202 -0.0818774 0.0584083 0.998166 -0.0159101 0.0826743 0.0110461 0.996515 -0.0174343 -0.00960483 -0.00724606 1
0.994875 -0.0594815 -0.0817619 0.0583789 0.998169 -0.0158123 0.0825527 0.0109581 0.996526 -0.0175176 -0.00962048 -0.00730792 1
0.994894 -0.059356 -0.081628 0.0582709 0.998179 -0.015614 0.0824061 0.0107777 0.996541 -0.0176695 -0.00967419 -0.00731134 1
0.994911 -0.059242 -0.0814984 0.0581741 0.998187 -0.0154175 0.0822641 0.010598 0.996554 -0.0178118 -0.0097224 -0.007318 1
0.994878 -0.0596765 -0.0815855 0.0586286 0.998164 -0.0151821 0.0823418 0.0103211 0.996551 -0.0175189 -0.00958521 -0.00717642 1
0.994847 -0.0600566 -0.0816817 0.059032 0.998145 -0.0149039 0.0824252 0.0100053 0.996547 -0.0172665 -0.00947155 -0.00700635 1
0.994815 -0.0604419 -0.0817913 0.0594447 0.998125 -0.0145738 0.0825188 0.00963616 0.996543 -0.0170051 -0.00936123 -0.00679175 1
0.994771 -0.0609751 -0.0819356 0.0600021 0.998096 -0.0142878 0.0826508 0.00929677 0.996535 -0.0166247 -0.00919545 -0.00658496 1
0.994729 -0.0614523 -0.0820824 0.0605021 0.99807 -0.0140159 0.0827853 0.00897584 0.996527 -0.0162795 -0.00905462 -0.00639562 1
0.994751 -0.0611462 -0.082046 0.0602138 0.99809 -0.0137927 0.0827326 0.00877997 0.996533 -0.0165523 -0.00918597 -0.00635904 1
0.994766 -0.0609068 -0.0820481 0.059986 0.998106 -0.0136441 0.0827237 0.00865098 0.996535 -0.0167662 -0.00928826 -0.00635748 1
0.994795 -0.0606212 -0.0818978 0.0597133 0.998124 -0.0134915 0.0825621 0.00853086 0.996549 -0.0170155 -0.00940446 -0.00641107 1
0.994831 -0.0602734 -0.0817243 0.0593771 0.998146 -0.0133555 0.0823778 0.00843391 0.996565 -0.0173104 -0.00953956 -0.00648659 1
0.994868 -0.0598923 -0.0815519 0.059012 0.99817 -0.0131644 0.0821912 0.00828425 0.996582 -0.0176386 -0.0096907 -0.00650711 1
0.9949 -0.0597101 -0.0812968 0.0588418 0.998182 -0.0130372 0.0819275 0.00818701 0.996605 -0.0178005 -0.00976835 -0.00660843 1
0.994933 -0.0594746 -0.0810662 0.0586167 0.998197 -0.0129238 0.0816886 0.00810647 0.996625 -0.0179986 -0.0098713 -0.0067142 1
0.994963 -0.0590724 -0.0809863 0.0582221 0.998221 -0.0128222 0.0815997 0.00804247 0.996633 -0.0183219 -0.0100389 -0.00679046 1
0.99499 -0.0587296 -0.0809009 0.0578978 0.998243 -0.0125917 0.0814982 0.00784468 0.996643 -0.0185959 -0.0101992 -0.00676463 1
0.995007 -0.0585609 -0.0808179 0.0577273 0.998253 -0.0126146 0.0814154 0.00788618 0.996649 -0.0187214 -0.0102823 -0.00693427 1
0.995023 -0.0584128 -0.0807231 0.0576001 0.998263 -0.0123613 0.0813049 0.00765008 0.99666 -0.0188336 -0.0103821 -0.00688974 1
0.995052 -0.0581511 -0.0805577 0.0573516 0.998279 -0.0122051 0.0811288 0.00752456 0.996675 -0.0190361 -0.0105109 -0.00696432 1
0.995074 -0.0579912 -0.0804032 0.0572035 0.99829 -0.0120689 0.0809655 0.00741007 0.996689 -0.0191596 -0.0106031 -0.00704251 1
0.995121 -0.0576051 -0.0801042 0.056831 0.998313 -0.0119121 0.0806553 0.00730162 0.996715 -0.0194712 -0.0107774 -0.00718138 1
0.995149 -0.057476 -0.0798414 0.0567341 0.998323 -0.011532 0.0803703 0.0069463 0.996741 -0.0195744 -0.010878 -0.00711814 1
0.995177 -0.0573767 -0.079564 0.0566544 0.99833 -0.0113089 0.08008 0.00674671 0.996766 -0.0196531 -0.0109543 -0.00717682 1
0.995196 -0.0574185 -0.0792929 0.0567329 0.99833 -0.0108736 0.0797848 0.00632281 0.996792 -0.0196194 -0.0109945 -0.00705907 1
0.995219 -0.057586 -0.0788855 0.0569323 0.998323 -0.0105122 0.0793586 0.00597083 0.996828 -0.0194925 -0.0109863 -0.00703685 1
0.995224 -0.0577673 -0.0786916 0.0571325 0.998314 -0.0102965 0.0791537 0.00575147 0.996846 -0.0193366 -0.0109587 -0.00704453 1
0.995242 -0.0577558 -0.0784719 0.0571312 0.998315 -0.0101836 0.0789278 0.00565195 0.996864 -0.0193359 -0.0109817 -0.00714071 1
0.995242 -0.0581186 -0.0781985 0.0575043 0.998294 -0.0100863 0.0786513 0.00554159 0.996887 -0.0190398 -0.0108725 -0.00724808 1
0.995246 -0.0581895 -0.0780977 0.0575702 0.99829 -0.0101607 0.0785554 0.00561628 0.996894 -0.0189706 -0.010852 -0.00742736 1
0.995239 -0.0584201 -0.0780189 0.0578014 0.998276 -0.0101664 0.0784783 0.00560837 0.9969 -0.018765 -0.0107859 -0.00753509 1
0.995246 -0.0584377 -0.0779147 0.0578269 0.998276 -0.0100746 0.0783691 0.00552116 0.996909 -0.0187317 -0.0107969 -0.00758457 1
0.99526 -0.0582584 -0.0778719 0.0576465 0.998286 -0.0100851 0.078326 0.00554825 0.996912 -0.0188505 -0.0108694 -0.00771192 1
0.995296 -0.057526 -0.0779541 0.0569214 0.998329 -0.00995735 0.0783966 0.00547325 0.996907 -0.0193992 -0.0111408 -0.00771607 1
