NO_OF_FRAMES	31734
FREQUENCY	100
DATA_INCLUDED	6DOF(row-major-order)
ORDER	R11 R12 R13 R21 R22 R23 R31 R32 R33 Tx Ty Tz RMS
SOURCE_FILE	/afs/inf.ed.ac.uk/group/cstr/projects/galatea/DB/MotionCapture/Recordings_October_2014/Markers/Adam/CSTR/Adam_01_n.tsv,Head/Adam_01_n.dof.gz
RIGID_BODY_MARKERS	 1 2 3 4
PROGRAM_NAME	EstimateRigidBodyWithSegment,nm-head-orientation
REFERENCE_FRAME	3
SEGMENT_HALF_WIDTH	2
SEGMENT_WINDOW_TYPE	rectangle
REFERENCE_MARKER_1	-0.372137 0.772435 0.235518
REFERENCE_MARKER_2	-0.328046 0.801676 0.0206238
REFERENCE_MARKER_3	-0.301764 0.805212 0.109519
REFERENCE_MARKER_4	-0.332634 0.816848 0.174299
REFERENCE_CENTRE	-0.333645 0.799043 0.13499
NOTES	Normalised_Head_Orientation
END_OF_HEADER
0.996985 0.0423399 -0.0650324 -0.0426056 0.999088 -0.00270388 0.0648587 0.00546648 0.997879 0 0 0 1
0.996985 0.0423399 -0.0650324 -0.0426056 0.999088 -0.00270388 0.0648587 0.00546648 0.997879 0 0 0 1
0.996985 0.0423399 -0.0650324 -0.0426056 0.999088 -0.00270388 0.0648587 0.00546648 0.997879 1.0407e-15 -4.53869e-17 2.34587e-16 1
0.996977 0.0423712 -0.0651259 -0.0426497 0.999086 -0.00289054 0.0649439 0.0056594 0.997873 -4.88579e-05 4.86129e-05 -0.000107081 1
0.99699 0.0418843 -0.0652478 -0.0421676 0.999106 -0.00296965 0.0650651 0.00571206 0.997865 0.000314554 0.000244903 -8.47543e-05 1
0.996999 0.0413635 -0.0654406 -0.0416524 0.999127 -0.00305658 0.0652571 0.00577316 0.997852 0.000710009 0.000466886 -4.1551e-05 1
0.997017 0.0408039 -0.0655084 -0.0411028 0.99915 -0.00322197 0.0653212 0.00590494 0.997847 0.001119 0.000704452 -9.21381e-05 1
0.997039 0.0401369 -0.0655983 -0.0404372 0.999177 -0.00325517 0.0654137 0.00589814 0.997841 0.00161469 0.000962309 -1.60628e-05 1
0.997051 0.0398248 -0.0655991 -0.0401359 0.999188 -0.00343065 0.0654093 0.00605341 0.99784 0.00181496 0.00112615 -9.28184e-05 1
0.997062 0.0393606 -0.0657168 -0.0396824 0.999206 -0.00359759 0.065523 0.00619482 0.997832 0.00215725 0.00133843 -0.000113085 1
0.99707 0.039083 -0.0657632 -0.0394252 0.999215 -0.00391421 0.0655586 0.00649547 0.997828 0.00234777 0.00149959 -0.000278807 1
0.997072 0.038961 -0.0657955 -0.0393311 0.999217 -0.00433851 0.0655749 0.00691362 0.997824 0.00241702 0.00162643 -0.00054085 1
0.997068 0.0388415 -0.0659345 -0.0392399 0.999218 -0.0047565 0.0656983 0.00732981 0.997813 0.00250126 0.00174222 -0.000757315 1
0.997063 0.0386882 -0.0660959 -0.0391148 0.999221 -0.0051714 0.0658443 0.00774153 0.9978 0.00262533 0.00185793 -0.000957946 1
0.997047 0.0387493 -0.066302 -0.0392013 0.999216 -0.00553007 0.0660357 0.00811286 0.997784 0.00258314 0.00189235 -0.0011123 1
0.997035 0.038919 -0.0663877 -0.0393965 0.999206 -0.00589776 0.0661055 0.00849571 0.997776 0.00244306 0.00188102 -0.0013227 1
0.997004 0.0393635 -0.0665783 -0.0398658 0.999186 -0.00623236 0.0662788 0.00886789 0.997762 0.00210721 0.00177494 -0.00148647 1
0.997023 0.0382828 -0.0669232 -0.038764 0.999231 -0.00590569 0.0666456 0.00848232 0.997741 0.00302738 0.00202841 -0.000994997 1
0.996987 0.0389147 -0.0671035 -0.0394156 0.999204 -0.00615769 0.0668105 0.00878406 0.997727 0.00255618 0.00183405 -0.0011215 1
0.996955 0.039577 -0.0671891 -0.0400973 0.999175 -0.00641155 0.0668799 0.00908612 0.99772 0.00205968 0.00161811 -0.00128115 1
0.996913 0.0401442 -0.0674729 -0.0406749 0.999151 -0.00650878 0.0671543 0.00923314 0.9977 0.00167286 0.00141005 -0.00124908 1
0.996882 0.0405474 -0.0676848 -0.0410824 0.999134 -0.00653077 0.0673614 0.00929106 0.997685 0.00141273 0.00123528 -0.00117841 1
0.996799 0.0426057 -0.0676451 -0.0431903 0.999041 -0.00720372 0.0672733 0.0101023 0.997683 -0.000207186 0.000649055 -0.00180618 1
0.996784 0.0426347 -0.0678485 -0.0432081 0.999042 -0.00700527 0.0674848 0.00991435 0.997671 -0.000154901 0.000549456 -0.00154606 1
0.996769 0.0428103 -0.0679644 -0.0433831 0.999034 -0.00697409 0.0676002 0.00990007 0.997663 -0.000227631 0.00043061 -0.00146578 1
0.996758 0.0430856 -0.0679434 -0.0436532 0.999023 -0.0068905 0.0675802 0.00983411 0.997665 -0.000402324 0.00027877 -0.00139881 1
0.996759 0.0433183 -0.0677812 -0.0438778 0.999014 -0.00678772 0.0674203 0.00973981 0.997677 -0.000560996 0.00013793 -0.00136496 1
0.996776 0.0433071 -0.0675481 -0.0438523 0.999016 -0.00660918 0.0671954 0.00955001 0.997694 -0.000532275 5.88675e-05 -0.00128097 1
0.996784 0.0436053 -0.0672347 -0.0441475 0.999003 -0.00659851 0.06688 0.00954553 0.997715 -0.000768226 -8.58852e-05 -0.00137868 1
0.996805 0.043606 -0.0669275 -0.0441296 0.999006 -0.00636396 0.0665834 0.0092971 0.997738 -0.000775422 -0.000174713 -0.00128336 1
0.996823 0.0436276 -0.0666335 -0.0441406 0.999006 -0.0062452 0.0662948 0.0091666 0.997758 -0.000790391 -0.000245158 -0.00126575 1
0.996825 0.0436987 -0.0665662 -0.0442066 0.999003 -0.00617663 0.0662299 0.00909969 0.997763 -0.000814561 -0.000317783 -0.00121382 1
0.996817 0.0437836 -0.0666299 -0.0442843 0.999001 -0.00605506 0.0662982 0.00898644 0.997759 -0.00083941 -0.000396946 -0.00107302 1
0.996844 0.0435323 -0.0663912 -0.0440156 0.999014 -0.00583324 0.0660718 0.00873708 0.997777 -0.000654824 -0.000389153 -0.000922253 1
0.996828 0.0436692 -0.0665394 -0.0441591 0.999007 -0.00590812 0.0662154 0.0088277 0.997766 -0.000713626 -0.000439715 -0.000894698 1
0.996815 0.0435067 -0.0668335 -0.0439928 0.999015 -0.0058183 0.0665146 0.00873996 0.997747 -0.000522813 -0.000433858 -0.000671568 1
0.996817 0.0433464 -0.0669144 -0.0438278 0.999023 -0.00574322 0.0666001 0.00865765 0.997742 -0.000377244 -0.000416387 -0.000526643 1
0.996808 0.0434202 -0.0669997 -0.043911 0.999018 -0.00586893 0.0666791 0.00879221 0.997736 -0.000421975 -0.000438482 -0.000552276 1
0.996762 0.0436395 -0.0675411 -0.0441532 0.999006 -0.00613238 0.0672064 0.00909468 0.997698 -0.000508033 -0.000477527 -0.000547967 1
0.996735 0.0437036 -0.0678901 -0.0442331 0.999001 -0.00631591 0.0675462 0.00929828 0.997673 -0.000511809 -0.000479918 -0.000531379 1
0.996707 0.0439009 -0.0681692 -0.0444472 0.99899 -0.00651713 0.0678142 0.0095256 0.997652 -0.000637767 -0.000509666 -0.000559969 1
0.996669 0.044067 -0.0686186 -0.044636 0.99898 -0.006781 0.0682498 0.00982128 0.99762 -0.000714336 -0.00052084 -0.000580061 1
0.996636 0.0440917 -0.0690846 -0.0446745 0.998978 -0.00691249 0.0687092 0.00997555 0.997587 -0.000679175 -0.000500651 -0.000480301 1
0.996605 0.0441861 -0.069474 -0.0447873 0.998971 -0.00711876 0.0690879 0.0102061 0.997558 -0.000718746 -0.000483703 -0.000471065 1
0.996583 0.0441777 -0.0697869 -0.0447871 0.998971 -0.00719 0.0693974 0.010291 0.997536 -0.000687889 -0.000452784 -0.000371212 1
0.996567 0.04398 -0.0701373 -0.0446061 0.998977 -0.0073844 0.0697408 0.0104876 0.99751 -0.000501958 -0.000341625 -0.000349547 1
0.996552 0.0438563 -0.070428 -0.0444976 0.998981 -0.00756199 0.0700245 0.0106698 0.997488 -0.000383506 -0.000256847 -0.000340387 1
0.996542 0.0437513 -0.0706363 -0.0444106 0.998983 -0.00778961 0.0702236 0.0108997 0.997472 -0.000288742 -0.00016808 -0.000402697 1
0.996539 0.0435667 -0.0707983 -0.0442459 0.998988 -0.00805342 0.0703758 0.0111581 0.997458 -0.000132299 -4.80943e-05 -0.000507073 1
0.996539 0.0433721 -0.0709196 -0.0440714 0.998994 -0.00832464 0.0704872 0.0114214 0.997447 2.72823e-05 7.53117e-05 -0.000633674 1
0.996535 0.0433407 -0.0709919 -0.0440533 0.998993 -0.00850236 0.0705519 0.0116003 0.997441 5.62378e-05 0.000132125 -0.000709924 1
0.996539 0.0431043 -0.0710774 -0.0438279 0.999002 -0.00865125 0.0706335 0.0117365 0.997433 0.000256251 0.000246284 -0.000750748 1
0.996539 0.0429691 -0.0711605 -0.0437058 0.999005 -0.00882751 0.0707104 0.0119071 0.997426 0.000377232 0.000326086 -0.000820113 1
0.996533 0.0429988 -0.0712199 -0.0437428 0.999003 -0.00891889 0.0707654 0.0120033 0.997421 0.000369982 0.00033757 -0.000840491 1
0.996525 0.0430505 -0.071302 -0.0438011 0.999 -0.00899693 0.0708434 0.0120888 0.997414 0.000352637 0.000333386 -0.000845405 1
0.99652 0.0430517 -0.071381 -0.043821 0.998997 -0.00924589 0.0709113 0.0123417 0.997406 0.000381796 0.000359123 -0.000990831 1
0.996508 0.0431476 -0.071479 -0.0439296 0.99899 -0.00940437 0.0710011 0.0125116 0.997398 0.000341116 0.000333986 -0.00106135 1
0.996494 0.0433108 -0.0715759 -0.0441041 0.998981 -0.00953989 0.0710898 0.0126632 0.99739 0.000251474 0.000282567 -0.00111823 1
0.996488 0.0432552 -0.0717016 -0.0440635 0.998981 -0.00973039 0.0712076 0.0128556 0.997379 0.000344895 0.000293987 -0.00119815 1
0.996473 0.0433985 -0.0718185 -0.0442192 0.998973 -0.00987622 0.0713161 0.0130171 0.997369 0.000279584 0.000230206 -0.001257 1
0.996459 0.0434567 -0.0719754 -0.0442872 0.998969 -0.00998386 0.0714673 0.0131361 0.997356 0.000290872 0.000187315 -0.00126604 1
0.996436 0.0438566 -0.072056 -0.0447003 0.998949 -0.0101382 0.0715357 0.013323 0.997349 1.87255e-05 4.191e-05 -0.00136088 1
0.996423 0.0439515 -0.0721832 -0.0448101 0.998942 -0.0103182 0.0716534 0.0135158 0.997338 -1.34439e-06 -1.30001e-05 -0.00144391 1
0.996399 0.0443243 -0.0722759 -0.045188 0.998925 -0.0103592 0.071739 0.0135879 0.997331 -0.000249277 -0.000171407 -0.00144566 1
0.996381 0.0445481 -0.0723928 -0.0454275 0.998912 -0.0105459 0.0718442 0.0137963 0.99732 -0.000375077 -0.000262027 -0.00155041 1
0.996361 0.0448356 -0.0724859 -0.0457232 0.998898 -0.0106311 0.0719293 0.0139067 0.997313 -0.000558373 -0.000390468 -0.0015869 1
0.996346 0.0449509 -0.072628 -0.0458488 0.998891 -0.0107424 0.0720645 0.014033 0.997301 -0.00059815 -0.000459721 -0.00161987 1
0.996322 0.0452754 -0.0727509 -0.0461762 0.998875 -0.0107475 0.0721825 0.0140674 0.997292 -0.000811197 -0.000605346 -0.00158989 1
0.996303 0.0455066 -0.0728604 -0.0464168 0.998863 -0.0108473 0.072284 0.0141892 0.997283 -0.00095607 -0.000705114 -0.00163686 1
0.996287 0.045753 -0.0729297 -0.0466649 0.998852 -0.0108485 0.0723497 0.0142115 0.997278 -0.00112004 -0.00082083 -0.00162112 1
0.99627 0.0461002 -0.0729458 -0.0470163 0.998835 -0.0108905 0.0723588 0.0142795 0.997276 -0.00137532 -0.000956219 -0.0016613 1
0.99626 0.0463029 -0.0729552 -0.0472198 0.998825 -0.0108935 0.0723651 0.0142977 0.997276 -0.0015196 -0.00104964 -0.00166233 1
0.996251 0.046564 -0.0729038 -0.0474817 0.998813 -0.0109047 0.0723095 0.0143254 0.997279 -0.00171955 -0.00114988 -0.00169563 1
0.996245 0.0467923 -0.0728493 -0.0477071 0.998802 -0.0108678 0.0722535 0.0143024 0.997284 -0.00189592 -0.00124662 -0.00168861 1
0.996242 0.0469196 -0.0727983 -0.0478324 0.998796 -0.0108451 0.0722018 0.0142865 0.997288 -0.00199082 -0.00130532 -0.00168659 1
0.996246 0.0469175 -0.0727446 -0.0478292 0.998797 -0.0108414 0.0721484 0.01428 0.997292 -0.00198105 -0.0013153 -0.00169578 1
0.99625 0.0469772 -0.0726546 -0.0478861 0.998794 -0.0108184 0.0720588 0.014257 0.997298 -0.00202366 -0.00134079 -0.00170434 1
0.996257 0.0469431 -0.0725866 -0.0478599 0.998794 -0.0109427 0.0719854 0.0143757 0.997302 -0.00198787 -0.00131908 -0.00181712 1
0.996263 0.0469418 -0.0725033 -0.047868 0.998792 -0.0110904 0.0718951 0.0145195 0.997307 -0.00197737 -0.00129887 -0.00195279 1
0.99627 0.046907 -0.0724324 -0.0478419 0.998792 -0.0112258 0.0718183 0.0146492 0.99731 -0.00193863 -0.00127296 -0.00206518 1
0.996271 0.0469858 -0.0723656 -0.0479293 0.998786 -0.0113562 0.0717442 0.0147823 0.997314 -0.00198787 -0.00128726 -0.00217831 1
0.996269 0.0470845 -0.0723277 -0.0480416 0.998779 -0.0115502 0.0716956 0.0149819 0.997314 -0.00204511 -0.00130039 -0.00233842 1
0.996264 0.0472034 -0.0723246 -0.0481729 0.99877 -0.0117188 0.0716825 0.0151591 0.997312 -0.00211549 -0.00132528 -0.00246599 1
0.996259 0.047219 -0.0723794 -0.0481961 0.998768 -0.0118125 0.0717325 0.0152567 0.997307 -0.00209594 -0.00133233 -0.00250994 1
0.996247 0.0473802 -0.0724421 -0.048367 0.998758 -0.0119277 0.071787 0.0153868 0.997301 -0.00219225 -0.00137582 -0.00258454 1
0.996228 0.0475756 -0.072565 -0.0485637 0.998749 -0.0119127 0.0719075 0.0153918 0.997293 -0.00231397 -0.00144266 -0.00253794 1
0.996217 0.0475682 -0.0727264 -0.048556 0.99875 -0.011874 0.0720706 0.0153603 0.997281 -0.00227028 -0.00145417 -0.00244865 1
0.996205 0.0475606 -0.0728962 -0.0485447 0.998751 -0.0117872 0.0722446 0.0152812 0.99727 -0.00222557 -0.00146696 -0.00232415 1
0.996191 0.0476098 -0.0730542 -0.0485883 0.998751 -0.0116737 0.0724072 0.0151788 0.99726 -0.00223157 -0.00149585 -0.00218649 1
0.996182 0.047574 -0.073203 -0.0485413 0.998755 -0.0114903 0.0725652 0.0149998 0.997251 -0.00217034 -0.00151138 -0.00199887 1
0.99618 0.0474413 -0.0733169 -0.0484042 0.998763 -0.0114128 0.0726847 0.014918 0.997243 -0.00203581 -0.00148268 -0.0019048 1
0.996178 0.0474227 -0.0733535 -0.0483786 0.998765 -0.0113088 0.0727267 0.0148143 0.997242 -0.00200367 -0.00148656 -0.00182398 1
0.996183 0.0473435 -0.0733314 -0.0482912 0.99877 -0.0112047 0.0727108 0.0147032 0.997245 -0.00193024 -0.00147517 -0.00176267 1
0.996197 0.0472319 -0.0732188 -0.0481719 0.998777 -0.0111243 0.0726039 0.014609 0.997254 -0.00183767 -0.00145088 -0.00175277 1
0.996213 0.0471826 -0.0730269 -0.0481187 0.99878 -0.0111122 0.0724135 0.0145841 0.997268 -0.00180149 -0.0014357 -0.00182496 1
0.996236 0.0470802 -0.0727812 -0.0480057 0.998786 -0.0110184 0.0721741 0.0144709 0.997287 -0.00172265 -0.00142028 -0.00184841 1
0.996259 0.0470945 -0.0724584 -0.0480082 0.998787 -0.0109191 0.0718563 0.0143568 0.997312 -0.00174179 -0.00144639 -0.0019012 1
0.996284 0.0470595 -0.0721388 -0.0479545 0.998792 -0.0107247 0.071547 0.0141443 0.997337 -0.0017166 -0.00147605 -0.0018733 1
0.996305 0.0471281 -0.071795 -0.0480057 0.998791 -0.0105459 0.0712112 0.0139535 0.997364 -0.00177407 -0.00154181 -0.00186964 1
0.996327 0.0472368 -0.0714188 -0.0480948 0.998789 -0.010342 0.0708438 0.0137389 0.997393 -0.00186369 -0.00162611 -0.00185795 1
0.996344 0.0474694 -0.0710352 -0.0483163 0.998779 -0.0102509 0.0704619 0.0136456 0.997421 -0.00205613 -0.00173398 -0.00194092 1
0.996357 0.0476618 -0.0707155 -0.0485032 0.998771 -0.0102294 0.070141 0.013622 0.997444 -0.00221041 -0.00182132 -0.0020509 1
0.996364 0.0479094 -0.0704468 -0.0487517 0.998758 -0.0102843 0.0698666 0.0136813 0.997463 -0.00240462 -0.00191384 -0.0022007 1
0.996365 0.0481663 -0.0702681 -0.0490133 0.998744 -0.0103787 0.06968 0.0137851 0.997474 -0.00259991 -0.0020046 -0.00234902 1
0.996359 0.0483631 -0.0702192 -0.0492184 0.998733 -0.0105016 0.0696223 0.0139194 0.997476 -0.00274066 -0.00207438 -0.00246625 1
0.996346 0.0485499 -0.0702704 -0.0494108 0.998723 -0.0105641 0.0696678 0.0139977 0.997472 -0.00286647 -0.00215059 -0.00249633 1
0.996326 0.0487395 -0.0704179 -0.0496052 0.998713 -0.010597 0.0698107 0.0140512 0.997461 -0.00298843 -0.00223006 -0.00246936 1
0.996301 0.0489752 -0.0706066 -0.0498468 0.9987 -0.0106346 0.0699939 0.0141147 0.997448 -0.00315024 -0.0023211 -0.00243344 1
0.996268 0.0492009 -0.0709119 -0.050075 0.998689 -0.0106012 0.0702974 0.0141125 0.997426 -0.00329489 -0.0024083 -0.00230005 1
0.996244 0.0492162 -0.0712399 -0.0500906 0.998689 -0.0105388 0.0706278 0.0140676 0.997404 -0.00327167 -0.00243577 -0.00211987 1
0.996219 0.0491711 -0.0716173 -0.0500474 0.998692 -0.0104913 0.0710077 0.0140359 0.997377 -0.00319532 -0.00243559 -0.00192943 1
0.996197 0.0491421 -0.0719525 -0.0500143 0.998695 -0.01037 0.071349 0.0139292 0.997354 -0.00315053 -0.00244684 -0.00169564 1
0.996177 0.0490362 -0.0722982 -0.0499047 0.998701 -0.0102545 0.0717015 0.0138233 0.99733 -0.0030374 -0.00242962 -0.00146041 1
0.996165 0.0489207 -0.0725465 -0.0497957 0.998706 -0.0103006 0.0719487 0.0138736 0.997312 -0.00293449 -0.0023842 -0.0013853 1
0.996144 0.0490357 -0.0727541 -0.0499157 0.9987 -0.0103257 0.0721532 0.0139174 0.997296 -0.00302458 -0.00240442 -0.00132542 1
0.99613 0.0490694 -0.0729194 -0.0499569 0.998697 -0.0103958 0.0723143 0.0139983 0.997284 -0.00305644 -0.00239152 -0.001318 1
0.99612 0.0490482 -0.073071 -0.0499445 0.998697 -0.0104887 0.0724613 0.0140975 0.997272 -0.00303729 -0.00235422 -0.00132917 1
0.996112 0.0490145 -0.0732038 -0.0499225 0.998697 -0.0106239 0.0725876 0.0142371 0.99726 -0.00301588 -0.00230589 -0.00137978 1
0.996112 0.0488952 -0.0732748 -0.049804 0.998702 -0.0106259 0.0726602 0.0142339 0.997255 -0.00293036 -0.00225199 -0.00133936 1
0.996122 0.0486012 -0.0733405 -0.0495095 0.998717 -0.010617 0.0727304 0.0142069 0.99725 -0.00270178 -0.00214764 -0.00128556 1
0.996127 0.0485208 -0.0733251 -0.0494225 0.998722 -0.0105314 0.0727204 0.0141146 0.997252 -0.0026547 -0.00211988 -0.00121002 1
0.996138 0.0483521 -0.0732823 -0.0492518 0.998731 -0.0105191 0.0726807 0.0140878 0.997256 -0.00253698 -0.00205798 -0.00119918 1
0.996152 0.0481725 -0.0732128 -0.0490667 0.998741 -0.010464 0.0726165 0.0140161 0.997261 -0.0024136 -0.00199665 -0.00116386 1
0.996162 0.0481192 -0.0731168 -0.0490114 0.998743 -0.0104563 0.0725218 0.0139997 0.997269 -0.00238891 -0.0019714 -0.00118892 1
0.996169 0.0481288 -0.0730171 -0.0490197 0.998743 -0.0104573 0.072422 0.0139965 0.997276 -0.00241608 -0.00196732 -0.00122141 1
0.996177 0.0480401 -0.0729664 -0.048934 0.998747 -0.0105119 0.07237 0.0140422 0.997279 -0.00235625 -0.00192731 -0.00127776 1
0.996181 0.0479875 -0.0729422 -0.04888 0.998749 -0.0104997 0.0723472 0.014025 0.997281 -0.00232409 -0.00190968 -0.00127015 1
0.996178 0.0481074 -0.0729074 -0.048997 0.998744 -0.0104625 0.0723125 0.0139947 0.997284 -0.00242922 -0.0019546 -0.0012556 1
0.996171 0.0481013 -0.0730072 -0.0489874 0.998745 -0.0103945 0.0724157 0.0139311 0.997277 -0.00241791 -0.00196774 -0.00116549 1
0.996153 0.0482512 -0.0731493 -0.0491324 0.998739 -0.010295 0.0725603 0.0138494 0.997268 -0.00252396 -0.00203592 -0.00105182 1
0.996135 0.0484363 -0.0732747 -0.049309 0.998732 -0.0101472 0.0726903 0.0137211 0.99726 -0.00265504 -0.00212677 -0.000905315 1
0.99611 0.0486898 -0.0734428 -0.0495516 0.998722 -0.00995775 0.0728641 0.0135582 0.99725 -0.00283202 -0.00224898 -0.00071806 1
0.996093 0.04877 -0.0736204 -0.0496191 0.998721 -0.00974683 0.0730509 0.0133617 0.997239 -0.00286195 -0.0023236 -0.00050616 1
0.996069 0.0490519 -0.0737609 -0.049888 0.998709 -0.0095349 0.073198 0.0131772 0.99723 -0.00305246 -0.00246383 -0.000318241 1
0.996051 0.0493166 -0.0738271 -0.0501383 0.998699 -0.00931707 0.0732715 0.0129818 0.997228 -0.00322992 -0.00260029 -0.000145769 1
0.996039 0.0494653 -0.0738872 -0.0502669 0.998695 -0.00902802 0.0733442 0.0127063 0.997226 -0.00331132 -0.00271539 8.69268e-05 1
0.996029 0.0497113 -0.0738624 -0.0504989 0.998685 -0.00883209 0.0733262 0.012527 0.997229 -0.00347281 -0.00284867 0.000209716 1
0.996018 0.0500876 -0.0737566 -0.0508621 0.998668 -0.00865877 0.0732246 0.0123757 0.997239 -0.00374314 -0.00301782 0.000281682 1
0.996024 0.0502577 -0.0735535 -0.0510169 0.998662 -0.00847855 0.073029 0.0121973 0.997255 -0.00385442 -0.00312889 0.000343584 1
0.996036 0.0504092 -0.0732878 -0.0511553 0.998656 -0.0083387 0.0727689 0.0120547 0.997276 -0.00395339 -0.00323172 0.000353535 1
0.996069 0.0500463 -0.0730904 -0.0507701 0.998678 -0.00807682 0.0725896 0.0117559 0.997293 -0.00362249 -0.00320363 0.00052103 1
0.996082 0.050249 -0.0727778 -0.050972 0.998667 -0.00810991 0.0722733 0.0117878 0.997315 -0.00375919 -0.00329764 0.000384799 1
0.996092 0.050469 -0.0724788 -0.0511985 0.998654 -0.00824088 0.0719653 0.0119195 0.997336 -0.00390518 -0.00338641 0.000177244 1
0.996101 0.0506302 -0.0722503 -0.0513684 0.998645 -0.00839353 0.0717274 0.0120722 0.997351 -0.00399474 -0.00345169 -1.61648e-05 1
0.996092 0.0509592 -0.0721393 -0.0517155 0.998624 -0.00865424 0.071599 0.0123511 0.997357 -0.00420873 -0.00354414 -0.000265352 1
0.996055 0.0519269 -0.071962 -0.0527205 0.998567 -0.00917104 0.0713826 0.0129287 0.997365 -0.00494933 -0.00377931 -0.000775055 1
0.996037 0.0521793 -0.0720189 -0.0529941 0.99855 -0.00944876 0.0714215 0.0132279 0.997359 -0.00508547 -0.00384283 -0.000973681 1
0.996013 0.0524208 -0.0721781 -0.0532512 0.998535 -0.00962807 0.0715676 0.0134333 0.997345 -0.00520997 -0.00391051 -0.00104957 1
0.995972 0.0528283 -0.0724494 -0.0536732 0.998511 -0.00976344 0.0718257 0.0136127 0.997324 -0.00545836 -0.00402562 -0.00106778 1
0.995939 0.0529811 -0.0727945 -0.0538388 0.998501 -0.00986955 0.0721625 0.0137486 0.997298 -0.00549311 -0.00407068 -0.00102178 1
0.995896 0.053177 -0.0732305 -0.0540409 0.99849 -0.00986515 0.0725954 0.0137821 0.997266 -0.00555855 -0.00414045 -0.000862836 1
0.995851 0.0533445 -0.073723 -0.0542064 0.998482 -0.00973941 0.0730916 0.0136953 0.997231 -0.00560169 -0.00421276 -0.000588469 1
0.995808 0.053428 -0.0742477 -0.0542898 0.998479 -0.00963532 0.0736199 0.0136258 0.997193 -0.00557782 -0.00425188 -0.000326445 1
0.995764 0.0536488 -0.0746751 -0.0545129 0.998467 -0.0095812 0.0740466 0.0136114 0.997162 -0.00568242 -0.00432638 -0.000143739 1
0.995724 0.053832 -0.0750697 -0.0546986 0.998457 -0.00953434 0.0744407 0.0135998 0.997133 -0.00576778 -0.00438286 1.89293e-05 1
0.995696 0.0538655 -0.0754149 -0.0547352 0.998456 -0.00951169 0.074786 0.0135986 0.997107 -0.00574406 -0.00439146 0.000149816 1
0.995677 0.0539492 -0.0756059 -0.0548174 0.998452 -0.00945406 0.0749788 0.0135577 0.997093 -0.00578193 -0.00441679 0.000254477 1
0.995666 0.0541019 -0.0756436 -0.0549683 0.998444 -0.00941769 0.0750163 0.0135349 0.99709 -0.0058963 -0.0044543 0.000289213 1
0.995674 0.0539255 -0.0756617 -0.0547941 0.998453 -0.00944935 0.0750351 0.0135543 0.997089 -0.00574718 -0.00438572 0.000272165 1
0.995692 0.0537744 -0.0755378 -0.0546381 0.998462 -0.00941328 0.0749155 0.0135 0.997099 -0.00563788 -0.00433293 0.000261877 1
0.995721 0.0536335 -0.0752546 -0.0544918 0.99847 -0.00939732 0.0746354 0.0134579 0.99712 -0.00555551 -0.00427422 0.000186276 1
0.995753 0.0535042 -0.0749246 -0.0543578 0.998477 -0.00939943 0.0743076 0.0134322 0.997145 -0.00548938 -0.00421164 7.19731e-05 1
0.995796 0.053199 -0.0745707 -0.054046 0.998494 -0.00938539 0.0739592 0.0133762 0.997172 -0.00528619 -0.004102 -2.77239e-05 1
0.995837 0.0530633 -0.0741162 -0.0538971 0.998503 -0.00929349 0.0735121 0.0132494 0.997206 -0.00523561 -0.00404858 -0.000105801 1
0.99588 0.0528598 -0.0736834 -0.0536794 0.998516 -0.00918599 0.0730885 0.0131034 0.997239 -0.00512741 -0.00397833 -0.000162285 1
0.995921 0.0525875 -0.0733267 -0.053394 0.998532 -0.00908112 0.0727415 0.0129593 0.997267 -0.0049599 -0.00389242 -0.000192565 1
0.995952 0.0524243 -0.0730096 -0.0532243 0.998542 -0.00905441 0.0724285 0.0129036 0.99729 -0.00487581 -0.00382904 -0.000278068 1
0.995978 0.0523416 -0.0727202 -0.0531337 0.998547 -0.00899932 0.0721434 0.012827 0.997312 -0.00485493 -0.00380388 -0.000335991 1
0.995997 0.0522274 -0.0725459 -0.0530146 0.998553 -0.00896711 0.0719726 0.0127772 0.997325 -0.00479788 -0.00376839 -0.000361675 1
0.996001 0.0523968 -0.0723604 -0.0531828 0.998544 -0.00897779 0.0717847 0.0127902 0.997338 -0.00497258 -0.00382002 -0.000440663 1
0.995988 0.0526882 -0.0723252 -0.0534737 0.998529 -0.00896647 0.0717463 0.012798 0.997341 -0.00522264 -0.00391724 -0.000463258 1
0.995968 0.0529977 -0.07238 -0.0537814 0.998513 -0.00892099 0.0717996 0.0127777 0.997337 -0.00547466 -0.00403491 -0.000422461 1
0.995926 0.0535993 -0.0725088 -0.0543872 0.99848 -0.00893507 0.0719197 0.0128422 0.997328 -0.00594821 -0.00423908 -0.000420667 1
0.995878 0.0543243 -0.0726416 -0.0551138 0.99844 -0.00890718 0.0720445 0.012874 0.997318 -0.00651138 -0.00450008 -0.000391986 1
0.995814 0.055162 -0.0728793 -0.0559568 0.998393 -0.00890808 0.0722708 0.0129489 0.997301 -0.00714807 -0.0048041 -0.000350479 1
0.99574 0.056262 -0.0730546 -0.0570699 0.998329 -0.00901692 0.0724252 0.0131477 0.997287 -0.0079951 -0.00519366 -0.000426943 1
0.995656 0.0574333 -0.0732804 -0.0582516 0.998261 -0.0090763 0.0726317 0.0133056 0.99727 -0.0088859 -0.00563159 -0.000447964 1
0.995561 0.0587983 -0.0734865 -0.0596307 0.998178 -0.00918293 0.0728127 0.0135242 0.997254 -0.00992629 -0.00614262 -0.000523212 1
0.995444 0.060605 -0.0736138 -0.0614579 0.998066 -0.00937478 0.0729032 0.0138562 0.997243 -0.011325 -0.00680234 -0.00071747 1
0.995297 0.0629159 -0.0736518 -0.0638005 0.997915 -0.00971828 0.0728868 0.0143716 0.997237 -0.013131 -0.00761191 -0.00109721 1
0.995135 0.0654908 -0.0735989 -0.0664029 0.997743 -0.0100126 0.072777 0.0148511 0.997238 -0.0151524 -0.00852348 -0.0014837 1
0.994953 0.0683942 -0.073419 -0.0693475 0.997537 -0.0105115 0.0725192 0.0155499 0.997246 -0.0174471 -0.00951609 -0.00209929 1
0.994754 0.071476 -0.0731876 -0.0724738 0.997309 -0.0110658 0.0721997 0.0163119 0.997257 -0.0198793 -0.0105538 -0.00278735 1
0.994564 0.0742777 -0.0729691 -0.0753236 0.997091 -0.0116842 0.0718889 0.017117 0.997266 -0.0220752 -0.0114892 -0.00351097 1
0.994408 0.0765247 -0.0727846 -0.0776031 0.996911 -0.0121021 0.0716337 0.0176827 0.997274 -0.0238106 -0.0122738 -0.00402596 1
0.994278 0.0783053 -0.0726545 -0.0794167 0.996763 -0.0125318 0.071438 0.0182301 0.997278 -0.0251607 -0.0128803 -0.00450877 1
0.994176 0.0796997 -0.0725348 -0.0808338 0.996645 -0.0128324 0.0712688 0.018621 0.997283 -0.0261943 -0.0133726 -0.00485707 1
0.994122 0.0803587 -0.0725556 -0.0815118 0.996587 -0.0130681 0.0712578 0.0189054 0.997279 -0.0266263 -0.013625 -0.00506929 1
0.994084 0.0807102 -0.0726769 -0.0818614 0.996559 -0.0129972 0.0713778 0.0188697 0.997271 -0.0268089 -0.0137928 -0.00498292 1
0.994067 0.0807375 -0.0728908 -0.0818896 0.996557 -0.0129532 0.071594 0.0188454 0.997256 -0.0267288 -0.0138321 -0.00487472 1
0.994067 0.0805083 -0.0731319 -0.0816511 0.996579 -0.0127681 0.0718538 0.0186637 0.997241 -0.0264519 -0.0138018 -0.00462665 1
0.994078 0.0801449 -0.0733907 -0.0812753 0.996613 -0.0125437 0.0721368 0.0184342 0.997224 -0.026084 -0.0136933 -0.00434034 1
0.994099 0.0795718 -0.073731 -0.0806863 0.996664 -0.0122575 0.0725097 0.0181342 0.997203 -0.0255519 -0.0135383 -0.00397476 1
0.994124 0.0789219 -0.0740825 -0.080015 0.996723 -0.0119014 0.0729004 0.0177592 0.997181 -0.0249615 -0.013355 -0.00354516 1
0.994181 0.0780633 -0.0742347 -0.0791183 0.9968 -0.0113746 0.0731092 0.0171817 0.997176 -0.0242407 -0.0131126 -0.00302079 1
0.994218 0.0773422 -0.0744869 -0.0783719 0.996864 -0.010997 0.0734027 0.0167711 0.997161 -0.0236257 -0.0128997 -0.00260127 1
0.994276 0.0763802 -0.0747026 -0.0773887 0.996944 -0.0106958 0.0736574 0.0164158 0.997148 -0.02283 -0.0126042 -0.00224332 1
0.994313 0.0757362 -0.0748777 -0.0767186 0.996999 -0.0103283 0.0738708 0.0160141 0.997139 -0.0222999 -0.0123774 -0.00186188 1
0.994378 0.07486 -0.0748934 -0.0758396 0.997067 -0.0103193 0.0739012 0.0159411 0.997138 -0.0216146 -0.0120389 -0.00181085 1
0.994426 0.0741288 -0.0749727 -0.0751055 0.997123 -0.0102889 0.0739943 0.0158624 0.997133 -0.0210477 -0.0117485 -0.00174192 1
0.994501 0.0732559 -0.0748368 -0.0742143 0.997191 -0.0101032 0.0738864 0.0156016 0.997145 -0.0203977 -0.0114116 -0.00160473 1
0.994572 0.0724003 -0.074732 -0.0733488 0.997256 -0.0100226 0.0738013 0.0154497 0.997153 -0.0197554 -0.0110713 -0.00154744 1
0.994666 0.0714378 -0.0744027 -0.0723735 0.997328 -0.00995294 0.0734928 0.0152846 0.997179 -0.0190631 -0.010699 -0.00155916 1
0.994752 0.0704683 -0.0741774 -0.0713746 0.997403 -0.00963558 0.0733058 0.0148794 0.997199 -0.0183528 -0.0103502 -0.00134537 1
0.994847 0.0694472 -0.0738658 -0.0703367 0.997478 -0.00950631 0.0730194 0.0146528 0.997223 -0.0176158 -0.00996372 -0.00130193 1
0.994934 0.0684123 -0.0736624 -0.0692953 0.997551 -0.00949593 0.0728324 0.0145523 0.997238 -0.0168559 -0.0095558 -0.0013245 1
0.995024 0.0673558 -0.0734237 -0.0682175 0.997627 -0.00928909 0.0726238 0.0142517 0.997258 -0.0160904 -0.00915475 -0.00119579 1
0.995116 0.0662975 -0.0731377 -0.0671416 0.997702 -0.00914079 0.0723636 0.0140067 0.99728 -0.0153344 -0.00874689 -0.00113073 1
0.995197 0.0653745 -0.072864 -0.0662237 0.997761 -0.00929661 0.0720931 0.0140773 0.997299 -0.0146956 -0.00835345 -0.00131504 1
0.995239 0.0647881 -0.0728113 -0.0656254 0.997802 -0.00916352 0.0720576 0.0138982 0.997304 -0.0143019 -0.00810105 -0.00122433 1
0.995289 0.0641965 -0.0726602 -0.0650306 0.997841 -0.00917017 0.0719146 0.0138521 0.997315 -0.0139265 -0.00783942 -0.00127821 1
0.995311 0.0639626 -0.0725644 -0.0647891 0.997858 -0.00909189 0.0718274 0.0137506 0.997322 -0.0138345 -0.00771129 -0.00126612 1
0.995314 0.0638251 -0.0726419 -0.0646525 0.997866 -0.00909354 0.0719065 0.0137474 0.997317 -0.0137993 -0.00761663 -0.00127834 1
0.995335 0.0640177 -0.0721839 -0.0648082 0.99786 -0.0086599 0.071475 0.0132976 0.997354 -0.014115 -0.00766836 -0.00112772 1
0.995383 0.0643558 -0.0712113 -0.065114 0.997843 -0.00837568 0.0705186 0.0129739 0.997426 -0.0146011 -0.00771909 -0.00126155 1
0.995413 0.0645031 -0.0706559 -0.0652284 0.997838 -0.00800354 0.0699869 0.0125756 0.997469 -0.0148851 -0.00777222 -0.00119311 1
0.995464 0.0644261 -0.0700031 -0.0651185 0.997848 -0.00765239 0.0693594 0.0121762 0.997517 -0.0149978 -0.0077676 -0.00116101 1
0.995544 0.064288 -0.0689808 -0.0649296 0.997865 -0.00709821 0.0683771 0.0115455 0.997593 -0.0151037 -0.00777984 -0.00107013 1
0.995583 0.0640055 -0.0686841 -0.0646277 0.997886 -0.00687221 0.068099 0.0112807 0.997615 -0.0149797 -0.00772301 -0.00100384 1
0.995636 0.0633241 -0.0685563 -0.0639364 0.997931 -0.00677285 0.0679855 0.0111265 0.997624 -0.0145122 -0.00758405 -0.000981766 1
0.995666 0.0627252 -0.0686664 -0.0633394 0.997969 -0.00680211 0.0681003 0.0111219 0.997616 -0.0140591 -0.0074401 -0.000956575 1
0.995696 0.0620276 -0.0688591 -0.0626514 0.998011 -0.00693436 0.068292 0.0112186 0.997602 -0.0135006 -0.00724767 -0.000977646 1
0.99568 0.061698 -0.0693831 -0.0623453 0.998029 -0.00719985 0.0688021 0.0114945 0.997564 -0.0131987 -0.00716608 -0.00102936 1
0.995685 0.0614022 -0.0695819 -0.0620542 0.998046 -0.00724584 0.069001 0.0115324 0.99755 -0.0129597 -0.00712296 -0.0010023 1
0.995675 0.0611249 -0.069962 -0.0617759 0.998064 -0.00717832 0.0693878 0.0114692 0.997524 -0.0127227 -0.0071009 -0.000817179 1
0.995691 0.0611903 -0.0696741 -0.0618241 0.998063 -0.00697452 0.0691124 0.011252 0.997545 -0.0128454 -0.00717628 -0.000763217 1
0.995689 0.0614768 -0.069454 -0.0620966 0.998047 -0.00679824 0.0689004 0.0110818 0.997562 -0.0131443 -0.00733333 -0.000722825 1
0.995686 0.0616585 -0.06933 -0.0622655 0.998038 -0.00662692 0.0687854 0.0109152 0.997572 -0.0133384 -0.00745331 -0.000636107 1
0.995687 0.061732 -0.0692524 -0.0623438 0.998032 -0.00670572 0.0687022 0.0109943 0.997577 -0.0134399 -0.00751185 -0.000723435 1
0.995656 0.0620949 -0.0693772 -0.0627257 0.998007 -0.0069488 0.0688074 0.0112704 0.997566 -0.0137459 -0.0076271 -0.000887078 1
0.995625 0.0623554 -0.0695847 -0.0630079 0.997987 -0.0072201 0.0689944 0.0115729 0.99755 -0.0139722 -0.00770832 -0.00104344 1
0.995592 0.0626772 -0.0697765 -0.0633431 0.997965 -0.00737056 0.0691725 0.0117579 0.997535 -0.0142598 -0.00781163 -0.00110537 1
0.995574 0.0628763 -0.0698535 -0.0635622 0.997949 -0.00763721 0.06923 0.0120434 0.997528 -0.0144695 -0.00784437 -0.00128572 1
0.995555 0.0628931 -0.0701051 -0.063597 0.997945 -0.00785307 0.0694671 0.0122766 0.997509 -0.0145187 -0.00781818 -0.00136531 1
0.995553 0.0627306 -0.0702717 -0.0634416 0.997954 -0.00792988 0.0696304 0.0123528 0.997496 -0.0144389 -0.00774508 -0.00134208 1
0.995541 0.0626413 -0.0705335 -0.0633614 0.997958 -0.00801745 0.0698873 0.0124508 0.997477 -0.0144141 -0.00769105 -0.00130352 1
0.99555 0.0623129 -0.0706906 -0.0630465 0.997977 -0.00819106 0.0700372 0.0126114 0.997465 -0.0142132 -0.00752723 -0.00135055 1
0.995548 0.0620731 -0.070928 -0.0628181 0.99799 -0.0083196 0.070269 0.0127381 0.997447 -0.0140804 -0.00739543 -0.00133968 1
0.995543 0.0618645 -0.0711818 -0.0626151 0.998003 -0.00836067 0.0705224 0.0127805 0.997428 -0.0139718 -0.00727715 -0.00125477 1
0.995556 0.0614315 -0.0713751 -0.0622009 0.998027 -0.00860551 0.0707056 0.0130069 0.997412 -0.0136934 -0.00706507 -0.00134499 1
0.995599 0.0610414 -0.0711057 -0.0618233 0.998048 -0.00884538 0.070427 0.0132024 0.99743 -0.0135208 -0.00684616 -0.00158508 1
0.995633 0.0607985 -0.0708432 -0.0615876 0.998061 -0.00900685 0.0701582 0.0133306 0.997447 -0.0134701 -0.00668512 -0.00176983 1
0.995689 0.0602618 -0.0705142 -0.0610494 0.998094 -0.00906523 0.0698335 0.013331 0.99747 -0.0131785 -0.00643646 -0.00187582 1
0.995683 0.0620265 -0.0690448 -0.0628937 0.997965 -0.0104552 0.0682558 0.0147525 0.997559 -0.0149162 -0.00662411 -0.00358777 1
0.99575 0.0616242 -0.0684495 -0.0624773 0.997992 -0.0103913 0.0676717 0.0146237 0.9976 -0.0147642 -0.00641142 -0.00369921 1
0.995796 0.0610317 -0.0683011 -0.0618783 0.99803 -0.0103477 0.067535 0.0145306 0.997611 -0.0143773 -0.00615261 -0.0036715 1
0.995862 0.0602979 -0.0679915 -0.0611303 0.998077 -0.0102278 0.067244 0.0143418 0.997633 -0.0138832 -0.00586027 -0.00363796 1
0.995905 0.0597167 -0.0678771 -0.0605524 0.998112 -0.0103199 0.0671327 0.0143878 0.99764 -0.0134828 -0.0056033 -0.00372527 1
0.996008 0.0568771 -0.0688039 -0.0576368 0.998296 -0.00910673 0.0681687 0.013036 0.997589 -0.0110858 -0.00491833 -0.00226235 1
0.996043 0.0564004 -0.0686812 -0.0571565 0.998324 -0.00909279 0.0680532 0.0129824 0.997597 -0.010749 -0.00472449 -0.00226372 1
0.996079 0.0560518 -0.0684482 -0.0567927 0.998346 -0.00892441 0.0678348 0.0127768 0.997615 -0.0105162 -0.00458382 -0.0021923 1
0.996084 0.0557849 -0.0685933 -0.0565347 0.99836 -0.0090365 0.0679767 0.012879 0.997604 -0.0102807 -0.00446685 -0.00222505 1
0.996103 0.0561083 -0.0680518 -0.0568689 0.998338 -0.00928987 0.0674175 0.0131237 0.997639 -0.0106212 -0.00446252 -0.00262823 1
0.996128 0.0558023 -0.067928 -0.0565418 0.99836 -0.00901132 0.0673137 0.0128172 0.99765 -0.0103783 -0.00440152 -0.00243438 1
0.996133 0.0556495 -0.0679917 -0.0563885 0.998368 -0.00899665 0.0673801 0.0127958 0.997645 -0.010204 -0.00436004 -0.00240367 1
0.996128 0.0554443 -0.0682342 -0.0561902 0.998379 -0.00906045 0.0676213 0.0128595 0.997628 -0.00995852 -0.00430886 -0.00237984 1
0.996115 0.0556264 -0.0682617 -0.0563685 0.99837 -0.00899275 0.0676501 0.0128056 0.997627 -0.0100488 -0.0043825 -0.00234294 1
0.99612 0.0550053 -0.0686984 -0.0557195 0.99841 -0.00852216 0.0681204 0.0123169 0.997601 -0.00941583 -0.00433015 -0.0018063 1
0.996085 0.0555153 -0.0688015 -0.0562396 0.99838 -0.00863365 0.0682107 0.0124692 0.997593 -0.0097342 -0.00448325 -0.00191666 1
0.996072 0.0556175 -0.0688941 -0.0563236 0.998378 -0.00834867 0.068318 0.0121962 0.997589 -0.00972986 -0.00458802 -0.00168118 1
0.996074 0.0556892 -0.0688078 -0.0563797 0.998376 -0.00813174 0.0682432 0.0119792 0.997597 -0.00971866 -0.00468081 -0.00154516 1
0.996077 0.0557937 -0.0686892 -0.0564756 0.998372 -0.00802432 0.0681297 0.0118721 0.997606 -0.00973544 -0.00477342 -0.00151073 1
0.996064 0.056087 -0.0686292 -0.0567637 0.998356 -0.0079486 0.0680706 0.011813 0.997611 -0.00989083 -0.00491273 -0.00148843 1
0.996072 0.0561526 -0.0684627 -0.0568222 0.998353 -0.00787098 0.067908 0.0117303 0.997623 -0.00988473 -0.00499255 -0.00148017 1
0.996067 0.0563999 -0.0683415 -0.0570782 0.998338 -0.00801193 0.067776 0.0118812 0.99763 -0.0100185 -0.00509032 -0.00164264 1
0.996036 0.0568569 -0.0684045 -0.0575413 0.99831 -0.00807639 0.0678297 0.0119805 0.997625 -0.0103005 -0.00526404 -0.0016971 1
0.996015 0.0572222 -0.0684058 -0.057914 0.998288 -0.00817227 0.0678211 0.0121014 0.997624 -0.0105294 -0.00540331 -0.00178313 1
0.995992 0.0573803 -0.0686077 -0.0580766 0.998278 -0.00819651 0.0680192 0.0121482 0.99761 -0.0105667 -0.00548353 -0.00173903 1
0.995963 0.0575728 -0.0688654 -0.058276 0.998266 -0.00824431 0.0682714 0.0122242 0.997592 -0.0106347 -0.0055744 -0.00169585 1
0.995934 0.0577801 -0.069113 -0.0584938 0.998253 -0.00834571 0.0685101 0.0123545 0.997574 -0.0107225 -0.00565806 -0.00170016 1
0.99591 0.0580484 -0.0692375 -0.0587733 0.998235 -0.00847725 0.0686233 0.0125119 0.997564 -0.010886 -0.00575105 -0.00177098 1
0.995895 0.0578951 -0.0695803 -0.0586089 0.998247 -0.00825945 0.0689801 0.0123036 0.997542 -0.0106866 -0.00575908 -0.00147084 1
0.995866 0.0582026 -0.069743 -0.0589241 0.998228 -0.00833051 0.0691346 0.0124056 0.99753 -0.0108961 -0.00586326 -0.0014834 1
0.995848 0.0583001 -0.0699137 -0.0590201 0.998222 -0.00827628 0.069307 0.0123682 0.997519 -0.0109445 -0.00591463 -0.00138347 1
0.995825 0.0584487 -0.0701157 -0.0591698 0.998214 -0.00825093 0.0695082 0.0123652 0.997505 -0.0110422 -0.00596912 -0.00130364 1
0.995814 0.0583967 -0.0703193 -0.059116 0.998218 -0.00818957 0.0697158 0.0123123 0.997491 -0.0109878 -0.00595974 -0.00117995 1
0.995796 0.0585845 -0.0704192 -0.0593156 0.998204 -0.00833371 0.0698045 0.0124756 0.997483 -0.0111525 -0.00598766 -0.00126405 1
0.995806 0.0582323 -0.070567 -0.0589645 0.998225 -0.00833666 0.0699563 0.0124626 0.997472 -0.01088 -0.00586614 -0.0011982 1
0.995812 0.0580494 -0.070626 -0.0587839 0.998236 -0.00836403 0.0700159 0.0124807 0.997468 -0.0107657 -0.00578477 -0.00118334 1
0.995826 0.0577891 -0.070643 -0.0585212 0.998251 -0.00833679 0.0700377 0.0124361 0.997467 -0.0105993 -0.00568327 -0.00113888 1
0.995848 0.0575007 -0.0705729 -0.0582328 0.998268 -0.00835859 0.0699701 0.0124335 0.997472 -0.0104237 -0.00556136 -0.00116667 1
0.995882 0.0569663 -0.0705205 -0.0576937 0.9983 -0.00831939 0.0699267 0.0123537 0.997476 -0.0100492 -0.00537252 -0.00112941 1
0.995904 0.0567869 -0.0703638 -0.0575082 0.998311 -0.00826696 0.0697755 0.0122796 0.997487 -0.00998105 -0.00528608 -0.00112716 1
0.995938 0.0563652 -0.070217 -0.0570822 0.998335 -0.00824425 0.0696355 0.0122189 0.997498 -0.00971121 -0.00512533 -0.00114272 1
0.995977 0.0558687 -0.0700579 -0.0565779 0.998365 -0.00817831 0.0694864 0.0121091 0.997509 -0.00938412 -0.00494782 -0.00112035 1
0.996009 0.0554867 -0.0699072 -0.0561903 0.998387 -0.00813643 0.069343 0.0120321 0.99752 -0.00915112 -0.00480767 -0.00111525 1
0.996031 0.0553327 -0.0697138 -0.0560407 0.998394 -0.00824058 0.0691459 0.0121147 0.997533 -0.00910399 -0.00472117 -0.0012567 1
0.996064 0.0548715 -0.0696067 -0.0555831 0.998419 -0.00832547 0.0690398 0.0121617 0.99754 -0.00879563 -0.00455457 -0.00133742 1
0.996088 0.054526 -0.0695383 -0.0552382 0.998438 -0.00835892 0.0689739 0.0121674 0.997544 -0.00857482 -0.00443557 -0.00136355 1
0.996105 0.0542965 -0.0694779 -0.0550155 0.99845 -0.00847478 0.06891 0.0122641 0.997547 -0.0084473 -0.00434885 -0.00145843 1
0.996108 0.054252 -0.0694669 -0.0549777 0.998451 -0.00857587 0.068894 0.0123616 0.997547 -0.00845834 -0.00431794 -0.00153532 1
0.996117 0.0540379 -0.0694977 -0.054762 0.998463 -0.00855507 0.0689285 0.0123277 0.997545 -0.0083286 -0.00426193 -0.00147964 1
0.996105 0.0541848 -0.0695606 -0.0549108 0.998455 -0.00856609 0.068989 0.0123524 0.997541 -0.00848198 -0.00430713 -0.00146523 1
0.996103 0.0541153 -0.0696384 -0.0548442 0.998458 -0.0085957 0.0690659 0.0123815 0.997535 -0.00845611 -0.00428706 -0.00144925 1
0.996082 0.054412 -0.069712 -0.0551478 0.998441 -0.00867359 0.0691314 0.0124841 0.997529 -0.00872548 -0.00437238 -0.00148869 1
0.996086 0.0541375 -0.0698711 -0.0548701 0.998456 -0.0086071 0.0692973 0.0124072 0.997519 -0.00852257 -0.00431215 -0.00135089 1
0.996069 0.0543183 -0.0699694 -0.0550571 0.998446 -0.00867275 0.0693895 0.012491 0.997511 -0.00869161 -0.0043648 -0.00137148 1
0.996067 0.0542536 -0.0700454 -0.0549934 0.998449 -0.00867546 0.0694661 0.0124934 0.997506 -0.00866354 -0.00435831 -0.00132399 1
0.996048 0.0545411 -0.0700963 -0.0552891 0.998432 -0.00877407 0.0695079 0.012615 0.997502 -0.00892026 -0.00444063 -0.00138093 1
0.996052 0.0544122 -0.0701374 -0.0551608 0.998439 -0.00877967 0.0695502 0.0126138 0.997499 -0.00884411 -0.00441294 -0.00133555 1
0.99607 0.0540796 -0.0701399 -0.0548323 0.998456 -0.00884843 0.0695531 0.0126596 0.997498 -0.00860467 -0.00432273 -0.00134607 1
0.996074 0.0540648 -0.0700963 -0.054821 0.998456 -0.00890821 0.0695065 0.012716 0.9975 -0.00861935 -0.00432491 -0.00138177 1
0.996074 0.0540725 -0.0700913 -0.0548374 0.998454 -0.00903382 0.0694945 0.012842 0.9975 -0.00864612 -0.00431816 -0.00146157 1
0.996085 0.0538533 -0.0701054 -0.0546244 0.998465 -0.00912737 0.0695062 0.0129211 0.997498 -0.00848508 -0.00424741 -0.00149524 1
0.996087 0.0538133 -0.0701073 -0.0545931 0.998466 -0.00925294 0.0695018 0.0130441 0.997497 -0.00846095 -0.00422091 -0.00157668 1
0.996068 0.0541863 -0.0700814 -0.0549736 0.998444 -0.009354 0.0694655 0.0131698 0.997497 -0.00877248 -0.00431089 -0.00166615 1
0.996075 0.0540082 -0.0701306 -0.0548022 0.998453 -0.00944541 0.069512 0.0132516 0.997493 -0.00863284 -0.00424182 -0.0016857 1
0.996086 0.0537971 -0.0701386 -0.0545945 0.998463 -0.00949939 0.0695198 0.0132914 0.997492 -0.00846493 -0.00416985 -0.00169199 1
