NO_OF_FRAMES	31467
FREQUENCY	100
DATA_INCLUDED	6DOF(row-major-order)
ORDER	R11 R12 R13 R21 R22 R23 R31 R32 R33 Tx Ty Tz RMS
SOURCE_FILE	/afs/inf.ed.ac.uk/group/cstr/projects/galatea/DB/MotionCapture/Recordings_October_2014/Markers/Adam/CSTR/Adam_02_e.tsv.gz,Head/Adam_02_e.dof.gz
RIGID_BODY_MARKERS	 1 2 3 4
PROGRAM_NAME	EstimateRigidBodyWithSegment,nm-head-orientation
REFERENCE_FRAME	3
SEGMENT_HALF_WIDTH	2
SEGMENT_WINDOW_TYPE	rectangle
REFERENCE_MARKER_1	-0.397353 0.795491 0.219979
REFERENCE_MARKER_2	-0.36963 0.820889 0.00188589
REFERENCE_MARKER_3	-0.340596 0.834384 0.088952
REFERENCE_MARKER_4	-0.370212 0.84332 0.154738
REFERENCE_CENTRE	-0.369448 0.823521 0.116389
NOTES	Normalised_Head_Orientation
END_OF_HEADER
0.993276 -0.11082 -0.0334903 0.112224 0.992733 0.0434358 0.0284334 -0.0469022 0.998495 0 0 0 1
0.993276 -0.11082 -0.0334903 0.112224 0.992733 0.0434358 0.0284334 -0.0469022 0.998495 0 0 0 1
0.993276 -0.11082 -0.0334903 0.112224 0.992733 0.0434358 0.0284334 -0.0469022 0.998495 1.78994e-15 -1.02609e-15 9.07733e-17 1
0.993235 -0.111064 -0.0338954 0.11247 0.992731 0.0428401 0.028891 -0.0463625 0.998507 0.000240801 0.000152636 -4.64549e-05 1
0.99319 -0.111374 -0.0341979 0.11277 0.992731 0.0420437 0.0292668 -0.0456139 0.99853 0.000537469 0.000342355 -0.000291506 1
0.993156 -0.111595 -0.0344623 0.112981 0.992739 0.0412976 0.0296035 -0.0449085 0.998552 0.000778774 0.000473909 -0.000513861 1
0.993142 -0.111681 -0.0346031 0.113049 0.992764 0.0404981 0.0298299 -0.0441322 0.99858 0.000915991 0.00054061 -0.000835051 1
0.993145 -0.111665 -0.03456 0.113003 0.992809 0.0395094 0.0298997 -0.043144 0.998621 0.000971895 0.000572745 -0.00139232 1
0.993178 -0.1114 -0.034471 0.112698 0.99289 0.0383195 0.0299571 -0.0419428 0.998671 0.000842246 0.00050326 -0.00214244 1
0.993216 -0.111085 -0.0343734 0.112353 0.992962 0.0374655 0.0299696 -0.0410733 0.998707 0.000688509 0.000378714 -0.00262987 1
0.993252 -0.110784 -0.0343196 0.112019 0.993038 0.0364299 0.0300449 -0.0400285 0.998747 0.000568239 0.000279443 -0.00324291 1
0.993283 -0.110496 -0.034345 0.1117 0.993113 0.0353556 0.0302018 -0.0389545 0.998784 0.000480711 0.000188595 -0.00385713 1
0.993271 -0.110582 -0.0344262 0.11176 0.99314 0.0343863 0.0303875 -0.0380024 0.998816 0.00070499 0.000260362 -0.00435336 1
0.993286 -0.110418 -0.0344952 0.111571 0.993192 0.0334988 0.0305614 -0.0371226 0.998843 0.000741435 0.000209819 -0.00479613 1
0.993314 -0.110148 -0.034555 0.111273 0.993258 0.0325225 0.0307398 -0.0361501 0.998873 0.000701604 0.000119561 -0.00531911 1
0.993377 -0.109586 -0.0345353 0.110684 0.993351 0.0316783 0.0308342 -0.035291 0.998901 0.00043675 -0.000119677 -0.005794 1
0.99342 -0.109223 -0.0344531 0.110294 0.993419 0.0308933 0.0308522 -0.03449 0.998929 0.000327474 -0.00026564 -0.00624677 1
0.993503 -0.108494 -0.0343778 0.109541 0.993523 0.0302002 0.0308786 -0.0337697 0.998953 -6.1776e-05 -0.000588552 -0.00664197 1
0.993592 -0.107685 -0.0343299 0.108713 0.993632 0.0296213 0.0309215 -0.0331635 0.998971 -0.000499822 -0.000935063 -0.00695971 1
0.993687 -0.106832 -0.0342584 0.10784 0.993743 0.0290656 0.0309389 -0.0325765 0.99899 -0.000967567 -0.00130061 -0.00727697 1
0.993795 -0.10584 -0.0341855 0.106827 0.99387 0.0284505 0.0309647 -0.0319259 0.99901 -0.00154198 -0.0017102 -0.0076748 1
0.993897 -0.104888 -0.034153 0.10586 0.993987 0.0279911 0.0310117 -0.0314357 0.999025 -0.0020805 -0.00211727 -0.00793163 1
0.993989 -0.104034 -0.0341018 0.10499 0.994092 0.0275369 0.0310356 -0.0309518 0.999039 -0.00254393 -0.00247186 -0.00818762 1
0.994058 -0.103392 -0.0340439 0.104333 0.994172 0.0271268 0.0310409 -0.0305175 0.999052 -0.00284352 -0.00274012 -0.00841199 1
0.99413 -0.10269 -0.0340549 0.103619 0.994258 0.0267353 0.0311139 -0.0301071 0.999062 -0.00318363 -0.00303858 -0.00861794 1
0.994161 -0.102403 -0.0340245 0.103323 0.994295 0.026504 0.0311163 -0.0298647 0.99907 -0.00320671 -0.00315922 -0.00868166 1
0.994217 -0.101887 -0.0339352 0.102796 0.994357 0.0262108 0.0310731 -0.0295476 0.99908 -0.00341436 -0.00336971 -0.00884132 1
0.994296 -0.101108 -0.0339395 0.102008 0.994446 0.0259313 0.0311291 -0.0292455 0.999087 -0.00381685 -0.0037003 -0.00898614 1
0.994334 -0.100767 -0.0338467 0.101657 0.994488 0.0256892 0.0310715 -0.0289844 0.999097 -0.0038909 -0.00382907 -0.0091178 1
0.994368 -0.100454 -0.0337736 0.101334 0.994527 0.025439 0.0310333 -0.0287182 0.999106 -0.00394304 -0.0039385 -0.00925463 1
0.994405 -0.100104 -0.0337224 0.100974 0.99457 0.0251841 0.0310183 -0.0284483 0.999114 -0.00402425 -0.00406858 -0.00939459 1
0.994457 -0.0995889 -0.0337258 0.100451 0.99463 0.0249196 0.031063 -0.0281692 0.99912 -0.00422806 -0.00427492 -0.00954243 1
0.994441 -0.0997805 -0.0336196 0.100634 0.994616 0.0247203 0.030972 -0.0279662 0.999129 -0.00389566 -0.0041522 -0.00964891 1
0.99445 -0.0996915 -0.0336141 0.100538 0.994631 0.0245036 0.0309909 -0.0277471 0.999134 -0.00377193 -0.00415544 -0.00975551 1
0.994473 -0.0994819 -0.0335543 0.100322 0.994657 0.0243389 0.0309538 -0.0275707 0.99914 -0.00374683 -0.00419861 -0.00984658 1
0.994469 -0.0995526 -0.0334902 0.100386 0.994654 0.0241983 0.0309021 -0.0274264 0.999146 -0.00350406 -0.00412679 -0.00990024 1
0.994442 -0.0998422 -0.0334142 0.10067 0.994628 0.0240911 0.0308294 -0.027321 0.999151 -0.00309545 -0.00395134 -0.00992121 1
0.994458 -0.0996814 -0.0334107 0.100504 0.99465 0.0239014 0.0308494 -0.0271268 0.999156 -0.00302989 -0.00396275 -0.0100149 1
0.994457 -0.0996996 -0.0334084 0.100515 0.994653 0.0236881 0.0308681 -0.0269148 0.999161 -0.00282403 -0.00391086 -0.0101056 1
0.994438 -0.0998942 -0.0333922 0.100699 0.994643 0.0233453 0.0308813 -0.026578 0.99917 -0.00248196 -0.0037725 -0.0103 1
0.994398 -0.100288 -0.0333819 0.101081 0.994613 0.0229729 0.0308981 -0.0262185 0.999179 -0.00198556 -0.00352601 -0.0105097 1
0.994371 -0.100558 -0.033396 0.10134 0.994595 0.0226024 0.0309426 -0.0258595 0.999187 -0.00158063 -0.00333371 -0.0107124 1
0.994315 -0.101111 -0.0333899 0.101881 0.994548 0.022216 0.0309616 -0.0254915 0.999195 -0.000952346 -0.00302215 -0.010904 1
0.994283 -0.101423 -0.0333995 0.102182 0.994526 0.0218538 0.0310002 -0.0251417 0.999203 -0.000506348 -0.00280106 -0.0110884 1
0.994257 -0.101668 -0.0334306 0.102418 0.994508 0.021549 0.0310561 -0.0248492 0.999209 -0.000103288 -0.00262037 -0.0112148 1
0.994276 -0.101461 -0.0334912 0.102203 0.994537 0.0212187 0.0311554 -0.0245201 0.999214 -4.00738e-05 -0.00264709 -0.011376 1
0.994294 -0.101273 -0.0335217 0.102003 0.994565 0.0208591 0.0312271 -0.0241594 0.99922 4.3895e-05 -0.00266927 -0.0115725 1
0.994344 -0.100759 -0.033577 0.101483 0.994624 0.0205873 0.0313221 -0.0238783 0.999224 -0.000117459 -0.00285944 -0.0117059 1
0.994403 -0.100189 -0.0335329 0.100904 0.994687 0.0203804 0.0313129 -0.0236499 0.99923 -0.000328998 -0.00309291 -0.0118331 1
0.994437 -0.0999038 -0.033379 0.100611 0.99472 0.0202293 0.0311817 -0.0234751 0.999238 -0.000322172 -0.00321066 -0.0119546 1
0.994506 -0.0992377 -0.0333066 0.0999378 0.994792 0.0200526 0.0311431 -0.023271 0.999244 -0.000590354 -0.00350803 -0.0120749 1
0.994586 -0.098411 -0.0333678 0.0991104 0.994876 0.0199913 0.0312294 -0.0231902 0.999243 -0.000963555 -0.00390254 -0.0120427 1
0.994665 -0.0975667 -0.0334866 0.0982663 0.994961 0.0199204 0.0313742 -0.0231048 0.999241 -0.00133463 -0.00431026 -0.0119978 1
0.994753 -0.0965859 -0.0337263 0.0972859 0.99506 0.0197653 0.0316507 -0.0229427 0.999236 -0.00179377 -0.00478196 -0.0119726 1
0.994865 -0.0952886 -0.0341199 0.0959949 0.995187 0.0196939 0.0320791 -0.0228681 0.999224 -0.00247952 -0.00541966 -0.0118158 1
0.994951 -0.0942549 -0.0344709 0.0949679 0.995286 0.0196658 0.0324548 -0.0228401 0.999212 -0.00296385 -0.00594777 -0.0116341 1
0.995051 -0.093066 -0.0348038 0.0937817 0.995401 0.0195293 0.0328263 -0.0226966 0.999203 -0.00356613 -0.00653889 -0.0115615 1
0.995146 -0.0919139 -0.0351522 0.0926349 0.99551 0.0194598 0.0332057 -0.0226217 0.999192 -0.00413331 -0.00712451 -0.0114201 1
0.995239 -0.0907532 -0.0355326 0.0914819 0.995617 0.0194439 0.0336123 -0.0226019 0.999179 -0.00469988 -0.00771098 -0.011228 1
0.99535 -0.0893598 -0.0359551 0.090095 0.995745 0.0193715 0.0340711 -0.0225208 0.999166 -0.00544363 -0.00839989 -0.0110773 1
0.995453 -0.0880396 -0.0363632 0.088782 0.995863 0.0193306 0.0345109 -0.0224711 0.999152 -0.00613494 -0.00906345 -0.0109023 1
0.995554 -0.0867435 -0.0367146 0.0874904 0.995979 0.0192484 0.0348973 -0.022375 0.99914 -0.00681234 -0.0097091 -0.0107855 1
0.995665 -0.0853288 -0.0370279 0.08608 0.996103 0.0191878 0.0352463 -0.022292 0.99913 -0.00758868 -0.0104164 -0.0106685 1
0.995788 -0.083746 -0.0373154 0.0844994 0.996241 0.0190911 0.0355763 -0.0221639 0.999121 -0.00849756 -0.0112034 -0.0105937 1
0.995871 -0.0826634 -0.0375117 0.0834159 0.996335 0.0189567 0.0358072 -0.0220075 0.999116 -0.00901599 -0.0117573 -0.0105676 1
0.995979 -0.0812744 -0.0376849 0.0820205 0.996455 0.0186906 0.0360323 -0.0217063 0.999115 -0.00977099 -0.0124372 -0.0106759 1
0.996068 -0.0801315 -0.0377846 0.0808715 0.996553 0.0184796 0.0361736 -0.0214626 0.999115 -0.0103374 -0.0130151 -0.0107596 1
0.996156 -0.0789973 -0.0378599 0.0797246 0.996653 0.0180984 0.0363035 -0.0210472 0.999119 -0.0109022 -0.013567 -0.0109956 1
0.996227 -0.0780595 -0.0379249 0.078777 0.996733 0.0178043 0.0364112 -0.0207248 0.999122 -0.0113066 -0.0140459 -0.0111544 1
0.996343 -0.0765123 -0.0380289 0.0772209 0.99686 0.0175263 0.0365685 -0.0203988 0.999123 -0.0121864 -0.0147909 -0.0113113 1
0.996445 -0.0751152 -0.0381392 0.0758203 0.99697 0.0173883 0.0367175 -0.0202182 0.999121 -0.0129445 -0.0154784 -0.0113438 1
0.996571 -0.0733156 -0.0383568 0.0740196 0.997107 0.017267 0.03698 -0.0200469 0.999115 -0.0140081 -0.016334 -0.0113455 1
0.996694 -0.0715291 -0.0385383 0.0722383 0.997237 0.0173338 0.0371919 -0.0200604 0.999107 -0.0150528 -0.0172046 -0.0112121 1
0.996832 -0.0694793 -0.0387101 0.0701889 0.997384 0.0172828 0.037408 -0.019945 0.999101 -0.0163056 -0.0181614 -0.011211 1
0.996972 -0.0673816 -0.0388187 0.0680952 0.997528 0.0173611 0.0375529 -0.0199519 0.999095 -0.0175976 -0.0191406 -0.0111397 1
0.997112 -0.0651938 -0.0389577 0.0659131 0.997672 0.0174722 0.0377279 -0.0199896 0.999088 -0.0189475 -0.0201493 -0.0110485 1
0.997225 -0.0633904 -0.0390495 0.0641195 0.997785 0.0177089 0.0378404 -0.0201636 0.99908 -0.0199895 -0.0209956 -0.0108556 1
0.997353 -0.0612327 -0.0392052 0.0619724 0.997917 0.0179396 0.038025 -0.0203218 0.99907 -0.0213016 -0.0219864 -0.010665 1
0.997463 -0.0593374 -0.0393363 0.0600946 0.998024 0.0183545 0.0381695 -0.0206718 0.999057 -0.0224011 -0.0228767 -0.0103124 1
0.997554 -0.0576614 -0.0395078 0.0584335 0.998117 0.0186724 0.0383567 -0.0209353 0.999045 -0.0233114 -0.0236614 -0.0100219 1
0.99766 -0.0557122 -0.0396418 0.056501 0.998221 0.0190642 0.0385091 -0.0212594 0.999032 -0.0244422 -0.0245639 -0.00968443 1
0.997772 -0.0535542 -0.0397921 0.0543581 0.998333 0.0194033 0.0386866 -0.0215231 0.99902 -0.0257323 -0.0255476 -0.00939518 1
0.997868 -0.0515745 -0.0399898 0.0523965 0.99843 0.019787 0.0389065 -0.0218402 0.999004 -0.0268652 -0.0264634 -0.00903203 1
0.997976 -0.0492375 -0.0402554 0.0500763 0.998543 0.0201008 0.039207 -0.0220759 0.998987 -0.0282683 -0.0275231 -0.00871562 1
0.998068 -0.0470904 -0.0405207 0.047948 0.99864 0.0204606 0.0395021 -0.022364 0.998969 -0.0295127 -0.0285085 -0.00833625 1
0.99815 -0.0450224 -0.0408663 0.0458965 0.998732 0.0207085 0.0398822 -0.0225458 0.99895 -0.0306728 -0.0294582 -0.00801751 1
0.998226 -0.0429764 -0.0412117 0.0438692 0.998816 0.0210073 0.0402602 -0.0227779 0.99893 -0.0317993 -0.0304196 -0.00763775 1
0.998307 -0.0407144 -0.041542 0.0416177 0.99891 0.0211171 0.040637 -0.0228102 0.998914 -0.0330956 -0.0314309 -0.00744244 1
0.998371 -0.0387702 -0.0418595 0.0396831 0.998987 0.0212009 0.0409951 -0.0228275 0.998899 -0.0341237 -0.0323179 -0.00725051 1
0.998442 -0.0364615 -0.0422349 0.0373844 0.999075 0.0212715 0.0414202 -0.0228173 0.998881 -0.0354329 -0.0333589 -0.00706202 1
0.998519 -0.0338772 -0.0425614 0.0348091 0.999166 0.0213487 0.0418027 -0.0227986 0.998866 -0.0369592 -0.0345154 -0.00689257 1
0.998591 -0.0312834 -0.042873 0.0322211 0.999253 0.0213578 0.0421728 -0.0227091 0.998852 -0.0384901 -0.03568 -0.00678924 1
0.998652 -0.0289945 -0.0430493 0.029941 0.99932 0.0215051 0.0423965 -0.022765 0.998841 -0.0397751 -0.0367434 -0.00658926 1
0.998715 -0.0264408 -0.0432416 0.0273944 0.999391 0.0216111 0.0426439 -0.0227679 0.998831 -0.0412647 -0.0379144 -0.00643697 1
0.998771 -0.0240174 -0.0433645 0.024976 0.999452 0.0217012 0.0428195 -0.0227576 0.998824 -0.0426498 -0.0390429 -0.00631513 1
0.998815 -0.0216427 -0.043581 0.0226069 0.999508 0.0217549 0.0430887 -0.0227144 0.998813 -0.0439821 -0.0401366 -0.00618105 1
0.998854 -0.0193633 -0.0437746 0.0203368 0.999553 0.0219052 0.0433309 -0.0227703 0.998801 -0.0452349 -0.0411975 -0.00596071 1
0.998891 -0.0166073 -0.0440558 0.0175876 0.999604 0.0219573 0.0436737 -0.0227078 0.998788 -0.0468592 -0.0424484 -0.00580878 1
0.998918 -0.0139764 -0.0443495 0.0149633 0.999646 0.0219998 0.0440263 -0.0226396 0.998774 -0.0483749 -0.0436476 -0.00564103 1
0.99894 -0.0109155 -0.0447126 0.0119085 0.999687 0.0220035 0.0444584 -0.0225126 0.998758 -0.0502297 -0.0450046 -0.005488 1
0.998954 -0.00783041 -0.0450555 0.00882813 0.999719 0.0219881 0.0448707 -0.0223628 0.998742 -0.0520957 -0.0463705 -0.00536367 1
0.99896 -0.00466411 -0.0453576 0.00566244 0.999744 0.0219068 0.0452438 -0.0221409 0.998731 -0.0540199 -0.0477634 -0.00530512 1
0.99895 -0.00159759 -0.0457792 0.00259653 0.99976 0.0217697 0.0457334 -0.0218657 0.998714 -0.0558456 -0.0491009 -0.00525372 1
0.998933 0.00169463 -0.0461589 -0.000704137 0.999769 0.0214661 0.0461846 -0.0214107 0.998703 -0.057859 -0.0504966 -0.00536199 1
0.9989 0.00517323 -0.0465956 -0.00418288 0.999764 0.0213267 0.0466949 -0.0211084 0.998686 -0.0600033 -0.0519666 -0.00533006 1
0.998864 0.00827065 -0.0469298 -0.00728076 0.999748 0.0212248 0.0470936 -0.020859 0.998673 -0.0618371 -0.0532985 -0.00527099 1
0.998809 0.0116913 -0.0473675 -0.0107 0.99972 0.0211269 0.0476012 -0.0205949 0.998654 -0.0639164 -0.0547329 -0.00518812 1
0.998746 0.0150411 -0.0477439 -0.0140525 0.999681 0.020975 0.0480441 -0.0202778 0.998639 -0.0659366 -0.0561231 -0.00517476 1
0.998669 0.0184602 -0.0481508 -0.0174623 0.999626 0.0210645 0.0485216 -0.0201957 0.998618 -0.0679958 -0.0575576 -0.00494562 1
0.998587 0.021563 -0.048566 -0.0205671 0.99957 0.020914 0.0489961 -0.0198856 0.998601 -0.06979 -0.058846 -0.00490642 1
0.998477 0.0252425 -0.0490626 -0.0242442 0.999489 0.0208371 0.0495635 -0.0196159 0.998578 -0.0720421 -0.0603332 -0.00480667 1
0.998353 0.0289017 -0.0495538 -0.0279039 0.999396 0.0207126 0.0501225 -0.0192957 0.998557 -0.074275 -0.0618047 -0.00475413 1
0.998205 0.0328978 -0.0500542 -0.0318925 0.999276 0.020753 0.0507007 -0.0191193 0.998531 -0.076774 -0.0634029 -0.00456118 1
0.99805 0.0365256 -0.0506228 -0.0355174 0.999155 0.020676 0.0513352 -0.0188376 0.998504 -0.0789507 -0.064836 -0.00444702 1
0.997872 0.0403738 -0.0511939 -0.0393541 0.999009 0.0207729 0.0519819 -0.018714 0.998473 -0.0813025 -0.0663516 -0.00418324 1
0.997697 0.0437767 -0.0518184 -0.0427503 0.99887 0.0207531 0.0526684 -0.01849 0.998441 -0.083271 -0.0676893 -0.00398778 1
0.997515 0.0469725 -0.052505 -0.0459427 0.998731 0.0206513 0.0534084 -0.0181878 0.998407 -0.0850541 -0.0689269 -0.00383729 1
0.997346 0.0496608 -0.0532416 -0.0486322 0.998607 0.0204447 0.0541827 -0.0178012 0.998372 -0.0863994 -0.0699674 -0.00375101 1
0.997134 0.0529118 -0.0540683 -0.0518734 0.998445 0.0204317 0.0550653 -0.0175685 0.998328 -0.0882002 -0.071219 -0.00348605 1
0.996922 0.0559083 -0.0549569 -0.0548661 0.998287 0.0202934 0.0559973 -0.0172157 0.998282 -0.0897781 -0.0723609 -0.00330783 1
0.996697 0.0589551 -0.0558441 -0.057912 0.998119 0.0201179 0.0569251 -0.0168174 0.998237 -0.0914037 -0.0735155 -0.00316652 1
0.99644 0.0622326 -0.0568729 -0.0611878 0.997927 0.0199316 0.0579954 -0.0163807 0.998182 -0.0932196 -0.0747279 -0.00302336 1
0.996176 0.0654271 -0.0579047 -0.0643768 0.997729 0.0198236 0.0590702 -0.0160201 0.998125 -0.0949758 -0.0759302 -0.00280027 1
0.995932 0.0681138 -0.0589878 -0.0670661 0.997557 0.0195646 0.0601763 -0.015529 0.998067 -0.0963277 -0.0769419 -0.00268082 1
0.995714 0.0703736 -0.0600123 -0.0693334 0.997408 0.019246 0.0612112 -0.0150027 0.998012 -0.0973525 -0.0777983 -0.00261099 1
0.995504 0.0724224 -0.0610438 -0.0713899 0.997269 0.0189316 0.0622481 -0.0144886 0.997956 -0.0982307 -0.0785695 -0.00254735 1
0.995341 0.073876 -0.0619584 -0.0728543 0.997169 0.0185939 0.0631567 -0.0139933 0.997906 -0.0986384 -0.0791381 -0.00251923 1
0.995161 0.0755543 -0.0628196 -0.0745418 0.99705 0.0183119 0.0640178 -0.0135407 0.997857 -0.0992763 -0.0797661 -0.00248183 1
0.994997 0.0770705 -0.0635684 -0.0760653 0.996939 0.0180879 0.0647678 -0.013162 0.997814 -0.0998165 -0.080333 -0.00243823 1
0.994803 0.0787181 -0.0645788 -0.0777159 0.996815 0.0178921 0.0657815 -0.0127803 0.997752 -0.100497 -0.0809128 -0.00231356 1
0.99466 0.079961 -0.0652565 -0.0789556 0.996718 0.0178476 0.0664694 -0.0125999 0.997709 -0.100857 -0.0813822 -0.00215826 1
0.994579 0.0805376 -0.065777 -0.0795314 0.996674 0.0177796 0.0669901 -0.0124519 0.997676 -0.100686 -0.0816546 -0.0020287 1
0.994516 0.0809335 -0.0662332 -0.0799288 0.996644 0.0176855 0.0674423 -0.0122946 0.997647 -0.100392 -0.0818651 -0.0019439 1
0.994403 0.0817958 -0.0668714 -0.080789 0.996575 0.0176295 0.0680844 -0.0121284 0.997606 -0.100515 -0.0821972 -0.00180642 1
0.994327 0.0824744 -0.0671679 -0.081463 0.99652 0.017665 0.068391 -0.0120931 0.997585 -0.100497 -0.0824891 -0.00169888 1
0.994239 0.08315 -0.0676392 -0.0821326 0.996464 0.0176905 0.068871 -0.0120332 0.997553 -0.100498 -0.0827872 -0.00153611 1
0.994091 0.0845074 -0.0681264 -0.0834664 0.996348 0.0179911 0.069398 -0.0121985 0.997514 -0.101097 -0.0833084 -0.00119273 1
0.993993 0.0853089 -0.0685613 -0.0842635 0.996281 0.018003 0.0698421 -0.0121176 0.997484 -0.10124 -0.0836253 -0.00108898 1
0.993968 0.0855267 -0.0686561 -0.084487 0.996264 0.0179113 0.0699315 -0.0120027 0.99748 -0.100909 -0.083785 -0.0011329 1
0.993965 0.0855422 -0.0686726 -0.0845192 0.996265 0.0176715 0.0699277 -0.0117607 0.997483 -0.100426 -0.0838879 -0.00131221 1
0.993965 0.0855664 -0.0686381 -0.0845735 0.996268 0.0172485 0.0698578 -0.0113395 0.997493 -0.0999746 -0.0839663 -0.00167175 1
0.993969 0.0855785 -0.0685641 -0.0846287 0.996274 0.0166457 0.0697331 -0.0107428 0.997508 -0.0995416 -0.0840222 -0.00219568 1
0.993958 0.0857987 -0.0684518 -0.084878 0.996259 0.0162527 0.0695902 -0.0103445 0.997522 -0.0993126 -0.0841515 -0.00257961 1
0.993975 0.0857676 -0.0682409 -0.0848754 0.996265 0.015873 0.0693475 -0.00998539 0.997543 -0.0988966 -0.0841836 -0.00298855 1
0.993988 0.0858299 -0.0679766 -0.0849484 0.996261 0.0157604 0.0690751 -0.00989115 0.997562 -0.098606 -0.0842495 -0.00320625 1
0.994012 0.0858594 -0.0675896 -0.0849745 0.996257 0.0158657 0.0686988 -0.0100273 0.997587 -0.0983276 -0.0842965 -0.00328474 1
0.994049 0.0858285 -0.0670834 -0.0849223 0.996255 0.0162512 0.068227 -0.0104576 0.997615 -0.0980431 -0.0843343 -0.00315867 1
0.9941 0.0857143 -0.0664667 -0.0847753 0.996258 0.0168278 0.0676604 -0.0110938 0.997647 -0.0977337 -0.08433 -0.00290349 1
0.994262 0.0846512 -0.0654016 -0.0836745 0.996339 0.0175362 0.0666466 -0.0119631 0.997705 -0.0966707 -0.0840552 -0.0026136 1
0.994386 0.083981 -0.064366 -0.0829624 0.996384 0.0183425 0.0656737 -0.0128995 0.997758 -0.095978 -0.0838671 -0.00226664 1
0.994554 0.0827874 -0.0633076 -0.0817354 0.996472 0.0190352 0.0646602 -0.013757 0.997813 -0.0948781 -0.0834985 -0.00198152 1
0.994734 0.0813677 -0.0623152 -0.0802991 0.996581 0.0194696 0.0636863 -0.0143632 0.997867 -0.0936145 -0.0830085 -0.00187882 1
0.994892 0.0801723 -0.0613444 -0.0790935 0.99667 0.0198217 0.0627292 -0.0148685 0.99792 -0.0925686 -0.0825837 -0.00182484 1
0.994968 0.0796117 -0.0608398 -0.0785306 0.996712 0.0199628 0.0622291 -0.0150846 0.997948 -0.09208 -0.0822908 -0.0018322 1
0.995102 0.0782795 -0.0603649 -0.0772138 0.996818 0.0197935 0.0617223 -0.0150356 0.99798 -0.0909606 -0.0817354 -0.00202331 1
0.995203 0.0771815 -0.0601238 -0.0761329 0.996906 0.019543 0.0614461 -0.0148718 0.998 -0.0900508 -0.081223 -0.00221399 1
0.995278 0.0762443 -0.06007 -0.075213 0.996982 0.0192494 0.0613563 -0.0146405 0.998009 -0.0892898 -0.0807445 -0.0023792 1
0.995398 0.0745127 -0.0602572 -0.0735051 0.997118 0.0187721 0.0614824 -0.0142565 0.998006 -0.0878642 -0.0799774 -0.00258526 1
0.995439 0.0735661 -0.0607308 -0.0725705 0.997193 0.0184438 0.0619172 -0.0139525 0.997984 -0.0871061 -0.079466 -0.00260368 1
0.99549 0.0723644 -0.0613426 -0.0713763 0.997284 0.0181525 0.0624896 -0.0136923 0.997952 -0.0861405 -0.0788739 -0.00252981 1
0.995517 0.0713564 -0.0620809 -0.0703663 0.997359 0.017994 0.0632009 -0.013545 0.997909 -0.0853502 -0.0783504 -0.0023117 1
0.995542 0.070278 -0.0628993 -0.0692762 0.997436 0.0179708 0.0640009 -0.0135333 0.997858 -0.0845109 -0.0778247 -0.00194381 1
0.995559 0.0691899 -0.0638322 -0.068168 0.997511 0.0180531 0.0649224 -0.0136216 0.997797 -0.0836782 -0.0772981 -0.00146389 1
0.995632 0.0672898 -0.0647237 -0.0662486 0.997639 0.0181042 0.0657891 -0.0137373 0.997739 -0.0821781 -0.0765195 -0.000977682 1
0.995675 0.0657038 -0.065681 -0.0646361 0.997742 0.0182537 0.066732 -0.0139294 0.997674 -0.0809613 -0.0758554 -0.000404746 1
0.995721 0.0640648 -0.0665921 -0.0629686 0.997845 0.018433 0.0676295 -0.0141609 0.99761 -0.0797182 -0.0751962 0.000190412 1
0.995787 0.0620099 -0.0675431 -0.0608888 0.997972 0.0185348 0.0685555 -0.0143441 0.997544 -0.0781464 -0.0743867 0.000734041 1
0.995848 0.0600713 -0.0683988 -0.0589287 0.998089 0.0186037 0.0693856 -0.0144958 0.997485 -0.0766977 -0.0736327 0.0012255 1
0.995863 0.0588902 -0.0692043 -0.0577177 0.998155 0.018824 0.0701852 -0.0147518 0.997425 -0.0759113 -0.07315 0.0017911 1
0.995916 0.0571557 -0.0698905 -0.0559591 0.998253 0.0189635 0.0708523 -0.014975 0.997374 -0.074694 -0.072478 0.00227448 1
0.99596 0.0554533 -0.0706337 -0.0542315 0.998346 0.0191002 0.071576 -0.0151925 0.997319 -0.0735293 -0.0718112 0.00275371 1
0.996026 0.0535516 -0.0711649 -0.0523114 0.998447 0.0191794 0.0720815 -0.0153804 0.99728 -0.0722313 -0.0710971 0.00314771 1
0.996075 0.0518491 -0.0717414 -0.050584 0.998532 0.019342 0.072639 -0.0156371 0.997236 -0.0711262 -0.0704495 0.00360077 1
0.996154 0.0495642 -0.0722587 -0.0482834 0.998646 0.0193659 0.0731207 -0.0158025 0.997198 -0.0695647 -0.0695895 0.00394014 1
0.996219 0.0475272 -0.0727292 -0.0462287 0.998742 0.0194354 0.0735614 -0.0159997 0.997162 -0.0682347 -0.0688206 0.00428779 1
0.996308 0.0449799 -0.0731291 -0.0436773 0.998859 0.0193163 0.0739145 -0.0160509 0.997135 -0.0665074 -0.0678612 0.00447729 1
0.996367 0.0430354 -0.0734902 -0.0417181 0.998942 0.0193676 0.0742459 -0.0162313 0.997108 -0.0653117 -0.0671135 0.00475984 1
0.996433 0.0409734 -0.0737751 -0.03964 0.999025 0.0194493 0.0745001 -0.0164555 0.997085 -0.0640414 -0.0663203 0.0050482 1
0.996511 0.0387088 -0.0739474 -0.0373544 0.99911 0.0196127 0.0746407 -0.016782 0.997069 -0.0626239 -0.0654525 0.00537856 1
0.996608 0.0358453 -0.0740806 -0.0344711 0.999211 0.0197462 0.0747299 -0.0171255 0.997057 -0.0607378 -0.0643632 0.00569153 1
0.996689 0.0334178 -0.0741184 -0.0320085 0.999285 0.0201209 0.0747378 -0.0176818 0.997046 -0.059234 -0.0634182 0.00615533 1
0.996777 0.0304561 -0.0742146 -0.0290096 0.999369 0.0204919 0.0747919 -0.0182729 0.997032 -0.0573075 -0.062243 0.00664877 1
0.996902 0.0261888 -0.0741621 -0.0247195 0.999481 0.0206615 0.0746647 -0.0187642 0.997032 -0.0543462 -0.0605667 0.00699752 1
0.996996 0.0223337 -0.0741625 -0.0208361 0.999564 0.0209074 0.0745971 -0.0192993 0.997027 -0.051773 -0.0589758 0.00738977 1
0.997108 0.0173626 -0.0739852 -0.0158433 0.999652 0.0210734 0.0743254 -0.0198403 0.997037 -0.0483134 -0.0569285 0.0077373 1
0.997206 0.0111123 -0.0738647 -0.00958275 0.999733 0.0210304 0.0740787 -0.0202638 0.997047 -0.0438519 -0.0543468 0.00798498 1
0.997278 0.00495586 -0.073561 -0.0034261 0.999776 0.0209074 0.0736481 -0.0205985 0.997072 -0.0395236 -0.0517332 0.00811247 1
0.99732 -0.000325721 -0.0731589 0.00186806 0.999777 0.0210146 0.0731358 -0.0210949 0.997099 -0.0359452 -0.0494189 0.00834992 1
0.997326 -0.00671508 -0.0727748 0.00825406 0.999748 0.020867 0.0726163 -0.0214119 0.99713 -0.0314859 -0.046643 0.00844424 1
0.9973 -0.0120733 -0.072437 0.0136095 0.999692 0.0207506 0.0721642 -0.0216804 0.997157 -0.0278904 -0.0442385 0.00852053 1
0.99727 -0.0164426 -0.0719917 0.0179768 0.999624 0.0207151 0.071624 -0.0219528 0.99719 -0.0251064 -0.0422202 0.0085972 1
0.997193 -0.0212727 -0.0717937 0.0227954 0.999531 0.0204576 0.0713248 -0.0220367 0.99721 -0.0219516 -0.0399988 0.00859114 1
0.997092 -0.0256239 -0.0717719 0.0271287 0.99943 0.0200697 0.0712168 -0.0219584 0.997219 -0.0191699 -0.037953 0.00853173 1
0.996977 -0.0301345 -0.0716152 0.0316258 0.999304 0.0197817 0.0709693 -0.0219868 0.997236 -0.0162602 -0.0358613 0.00854773 1
0.996841 -0.0337539 -0.0719005 0.0352343 0.99919 0.0194213 0.0711868 -0.0218933 0.997223 -0.0140611 -0.034112 0.00862285 1
0.996685 -0.0376908 -0.0720977 0.039158 0.999052 0.0190454 0.0713114 -0.0218055 0.997216 -0.0115944 -0.0322334 0.0086802 1
0.996536 -0.0411668 -0.072263 0.0426274 0.998914 0.0187861 0.0714112 -0.0218014 0.997209 -0.00947929 -0.0305587 0.00881292 1
0.996365 -0.044927 -0.0723805 0.0463811 0.998752 0.0185341 0.0714575 -0.0218238 0.997205 -0.00712931 -0.0287766 0.00896129 1
0.996183 -0.0480802 -0.0728514 0.0495165 0.99861 0.0180392 0.0718829 -0.0215777 0.99718 -0.00523509 -0.0272472 0.00898982 1
0.996018 -0.0507883 -0.0732726 0.0522152 0.998479 0.0176909 0.0722626 -0.0214464 0.997155 -0.00366535 -0.025924 0.00911863 1
0.995856 -0.0532314 -0.0737432 0.054658 0.998352 0.0174624 0.0726922 -0.0214207 0.997124 -0.00229714 -0.0247254 0.00934435 1
0.995718 -0.0552496 -0.0741142 0.0566835 0.998241 0.0173838 0.0730233 -0.0215104 0.997098 -0.00123771 -0.023745 0.00963779 1
0.995587 -0.0567908 -0.0747072 0.0582437 0.998151 0.0174131 0.0735801 -0.0216875 0.997053 -0.000521958 -0.0229852 0.0100687 1
0.995502 -0.0577911 -0.0750787 0.059282 0.998083 0.0177814 0.0739071 -0.0221523 0.997019 -0.000208911 -0.0224869 0.0106751 1
0.995415 -0.0591246 -0.0751891 0.0606491 0.997994 0.018154 0.073965 -0.022631 0.997004 0.000399074 -0.0218723 0.0111695 1
0.995354 -0.0598757 -0.075402 0.0614337 0.997939 0.0185134 0.0741382 -0.0230596 0.996981 0.000584402 -0.0215236 0.0116519 1
0.995306 -0.0603966 -0.0756199 0.0619974 0.997895 0.0190006 0.0743132 -0.0235996 0.996956 0.000615493 -0.0213059 0.0122177 1
0.995283 -0.0607826 -0.0756157 0.0624252 0.997858 0.0195505 0.0742654 -0.0241786 0.996945 0.000566076 -0.0211651 0.0127288 1
0.995287 -0.0608539 -0.0755016 0.062531 0.997842 0.0200501 0.0741185 -0.0246768 0.996944 0.00029346 -0.0211716 0.0131282 1
0.995307 -0.060691 -0.0753647 0.0624102 0.997837 0.0206687 0.0739473 -0.0252752 0.996942 -0.00013346 -0.0213078 0.0136056 1
0.995352 -0.0602747 -0.0751146 0.0620328 0.997847 0.0212944 0.0736694 -0.0258549 0.996948 -0.000729527 -0.021572 0.0140264 1
0.995409 -0.0593917 -0.0750548 0.0611781 0.99789 0.0217283 0.073606 -0.0262203 0.996943 -0.0016643 -0.0220216 0.0143262 1
0.995482 -0.0582547 -0.0749816 0.060063 0.99795 0.0220904 0.0735411 -0.0264943 0.99694 -0.00275383 -0.0226064 0.0145424 1
0.995551 -0.0574281 -0.0746964 0.0592632 0.997987 0.0225864 0.0732489 -0.0269127 0.996951 -0.00358012 -0.0230683 0.0148261 1
0.995633 -0.0564885 -0.0743273 0.0583406 0.998032 0.0229854 0.0728826 -0.0272213 0.996969 -0.00447652 -0.0235769 0.0150034 1
0.995727 -0.0552653 -0.0739772 0.0571221 0.998097 0.0232217 0.0725531 -0.0273482 0.99699 -0.00557448 -0.0241964 0.0150453 1
0.995812 -0.0547747 -0.0731987 0.0566208 0.998122 0.0233863 0.0717802 -0.0274329 0.997043 -0.00606717 -0.0245129 0.0149194 1
0.995903 -0.0542677 -0.0723403 0.0560907 0.998151 0.0234109 0.0709361 -0.0273726 0.997105 -0.00656705 -0.0248084 0.0146707 1
0.996003 -0.0532617 -0.0717064 0.0550467 0.998215 0.0231506 0.0703454 -0.0270052 0.997157 -0.00741962 -0.0252974 0.0142342 1
0.99612 -0.0518371 -0.0711215 0.0535812 0.998302 0.0228378 0.0698169 -0.0265599 0.997206 -0.00857509 -0.0259565 0.0137686 1
0.996212 -0.0508645 -0.0705348 0.05256 0.998367 0.0223936 0.0692805 -0.026016 0.997258 -0.00933667 -0.0264015 0.0132266 1
0.996313 -0.0492879 -0.0702207 0.0509457 0.998459 0.0220143 0.0690275 -0.0255105 0.997289 -0.0105312 -0.0271027 0.012825 1
0.996406 -0.0476647 -0.0700186 0.0492827 0.998552 0.021565 0.0688893 -0.0249382 0.997313 -0.011721 -0.0278029 0.0124142 1
0.996473 -0.0465029 -0.0698543 0.0480957 0.998616 0.0212953 0.0687673 -0.0245799 0.99733 -0.0124965 -0.0283291 0.0122218 1
0.996546 -0.0450224 -0.0697845 0.046581 0.998697 0.0208685 0.068754 -0.024047 0.997344 -0.0134872 -0.0289464 0.0119109 1
0.996618 -0.043423 -0.0697701 0.0449495 0.99878 0.0204591 0.0687965 -0.0235261 0.997353 -0.0145352 -0.0296196 0.0116498 1
0.996675 -0.0420471 -0.0697953 0.0435297 0.998855 0.0198588 0.0688804 -0.0228309 0.997364 -0.0153767 -0.0301646 0.0112632 1
0.996723 -0.0406593 -0.0699247 0.0421079 0.998925 0.0193684 0.069062 -0.0222494 0.997364 -0.0161868 -0.0307228 0.0110361 1
0.996781 -0.0388279 -0.0701366 0.0402296 0.999016 0.0186834 0.0693421 -0.0214448 0.997362 -0.017321 -0.0314216 0.0106443 1
0.996794 -0.0379317 -0.0704456 0.0392903 0.999066 0.0180012 0.069697 -0.0207113 0.997353 -0.0176684 -0.031738 0.0103599 1
0.996807 -0.036364 -0.0710826 0.0376911 0.999138 0.0174188 0.0703879 -0.0200424 0.997318 -0.018519 -0.0323078 0.0102526 1
0.996802 -0.0350548 -0.0718162 0.0363648 0.999194 0.0170147 0.0711619 -0.0195719 0.997273 -0.0191297 -0.0327896 0.0103787 1
0.996777 -0.0341168 -0.0726073 0.0353904 0.99924 0.0163277 0.0719951 -0.0188447 0.997227 -0.0194173 -0.0330865 0.0102846 1
0.996738 -0.0331584 -0.0735853 0.0344158 0.999281 0.015885 0.0730057 -0.0183657 0.997162 -0.0196937 -0.033406 0.0104987 1
0.996703 -0.0314454 -0.0747906 0.032681 0.999348 0.0153551 0.0742589 -0.0177487 0.997081 -0.0205415 -0.0340209 0.0106805 1
0.996658 -0.030461 -0.075799 0.0316661 0.99939 0.0147483 0.0753035 -0.0170992 0.997014 -0.0207805 -0.0343563 0.010776 1
0.996599 -0.0290515 -0.0771071 0.0302186 0.999445 0.0140128 0.0766572 -0.0162952 0.996924 -0.0213259 -0.0348407 0.0108366 1
0.996514 -0.0276293 -0.0787172 0.0287688 0.999497 0.0133785 0.078308 -0.0155965 0.996807 -0.0218556 -0.0353515 0.0111447 1
0.996439 -0.0256311 -0.0803273 0.0267218 0.999564 0.0125338 0.079971 -0.0146356 0.99669 -0.0228207 -0.0360555 0.0112095 1
0.996333 -0.0245624 -0.0819593 0.0256169 0.999602 0.0118386 0.0816359 -0.0138947 0.996565 -0.0230151 -0.0364303 0.0115023 1
0.996216 -0.0232376 -0.0837487 0.024263 0.999642 0.0112466 0.0834574 -0.0132361 0.996423 -0.0233907 -0.0369172 0.0119344 1
0.996105 -0.0218402 -0.0854294 0.0228353 0.999682 0.0106886 0.0851688 -0.0125978 0.996287 -0.0237928 -0.0374416 0.0123619 1
0.996005 -0.019743 -0.0870866 0.0207176 0.999732 0.0103012 0.08686 -0.0120643 0.996147 -0.0247234 -0.0382635 0.0128569 1
0.995895 -0.0176529 -0.0887737 0.0186177 0.999776 0.010052 0.0885763 -0.0116635 0.996001 -0.0256257 -0.0391098 0.013505 1
0.995776 -0.0155922 -0.0904824 0.016537 0.999816 0.0097017 0.0903145 -0.011157 0.995851 -0.0264749 -0.039932 0.0140763 1
0.99565 -0.0130208 -0.0922528 0.0139492 0.999858 0.00942578 0.092117 -0.0106716 0.995691 -0.0277051 -0.0409441 0.0147028 1
0.995499 -0.0110526 -0.0941215 0.0119531 0.999888 0.00900965 0.0940114 -0.0100941 0.99552 -0.0284227 -0.0417319 0.0153172 1
0.995342 -0.00929219 -0.0959532 0.0101523 0.999913 0.00847946 0.095866 -0.00941411 0.99535 -0.0289527 -0.0424151 0.0158527 1
0.995163 -0.0080378 -0.0979126 0.00883536 0.999931 0.00771476 0.0978439 -0.00854253 0.995165 -0.0290393 -0.0429054 0.0162876 1
0.994977 -0.00582728 -0.0999299 0.0065711 0.999953 0.00711589 0.0998837 -0.0077368 0.994969 -0.0298727 -0.043776 0.0167992 1
0.994789 -0.00423641 -0.101869 0.00489787 0.999969 0.00624395 0.10184 -0.00671036 0.994778 -0.0301828 -0.0444 0.0171118 1
0.994602 -0.00206973 -0.103743 0.00265136 0.999982 0.00546892 0.10373 -0.00571446 0.994589 -0.0309401 -0.0452424 0.0174255 1
0.994411 0.00018535 -0.105579 0.000310792 0.999989 0.00468278 0.105579 -0.00468942 0.9944 -0.031741 -0.0461139 0.017697 1
0.994223 0.00237211 -0.107309 -0.0019719 0.999991 0.00383547 0.107317 -0.00360171 0.994218 -0.0324594 -0.0469721 0.0178782 1
0.994047 0.00438596 -0.108859 -0.00409477 0.999987 0.00289829 0.108871 -0.00243529 0.994053 -0.0330155 -0.047751 0.0179207 1
0.993864 0.00673007 -0.110405 -0.00655159 0.999977 0.00197923 0.110415 -0.00124375 0.993885 -0.0338142 -0.0486623 0.0179338 1
0.993691 0.00910403 -0.111778 -0.00904966 0.999959 0.000993804 0.111783 2.40196e-05 0.993733 -0.0346164 -0.049571 0.0177941 1
0.993535 0.0115425 -0.112939 -0.0116307 0.999932 -0.000122658 0.11293 0.00143542 0.993602 -0.0354428 -0.0504803 0.0174153 1
0.99339 0.0139134 -0.113942 -0.0141353 0.999899 -0.00113986 0.113915 0.00274293 0.993487 -0.0362027 -0.0513564 0.0170639 1
0.993254 0.0164054 -0.114789 -0.0167645 0.999857 -0.00216412 0.114737 0.00407391 0.993388 -0.0370467 -0.0522731 0.0166188 1
0.993143 0.0187931 -0.115384 -0.0192777 0.999809 -0.00308501 0.115304 0.0052882 0.993316 -0.0377907 -0.0531493 0.0161415 1
0.993041 0.0214146 -0.115806 -0.0220207 0.99975 -0.00395747 0.115692 0.00648006 0.993264 -0.0387195 -0.0541009 0.0155869 1
0.992954 0.0241285 -0.116016 -0.02482 0.999682 -0.0045193 0.11587 0.00736697 0.993237 -0.0397334 -0.0551269 0.0152091 1
0.992871 0.0272829 -0.116032 -0.0280489 0.999594 -0.00497369 0.11585 0.00819281 0.993233 -0.0410796 -0.0563009 0.0147536 1
0.992805 0.0303176 -0.115844 -0.0311394 0.999501 -0.00528988 0.115625 0.00885911 0.993253 -0.0423136 -0.0574267 0.014335 1
0.992745 0.0333522 -0.115522 -0.0342189 0.999399 -0.00552621 0.115269 0.00943916 0.993289 -0.0435342 -0.0585325 0.0139122 1
0.992679 0.0365897 -0.115108 -0.0374616 0.999283 -0.00541978 0.114827 0.00969223 0.993338 -0.0449122 -0.0597379 0.0137204 1
0.992603 0.0398104 -0.114693 -0.040688 0.999158 -0.00532036 0.114384 0.00994762 0.993387 -0.0462602 -0.0609189 0.0135108 1
0.992521 0.0429098 -0.114285 -0.0437882 0.999027 -0.00518632 0.113951 0.0101519 0.993434 -0.0475198 -0.0620446 0.0133463 1
0.992415 0.0461993 -0.113925 -0.0470767 0.998879 -0.00502191 0.113565 0.010347 0.993477 -0.0489473 -0.0632316 0.0132019 1
0.992272 0.0497051 -0.113693 -0.0505764 0.998709 -0.00479014 0.113308 0.0105033 0.993504 -0.0505549 -0.0644867 0.013143 1
0.992091 0.0532839 -0.113648 -0.054161 0.998521 -0.00464124 0.113232 0.0107598 0.99351 -0.0522321 -0.0657438 0.0130689 1
0.991881 0.0568879 -0.113736 -0.0577697 0.99832 -0.00447007 0.113291 0.0110043 0.993501 -0.0539477 -0.0669955 0.0130645 1
0.991632 0.0605753 -0.114005 -0.061473 0.998099 -0.00437181 0.113523 0.0113434 0.993471 -0.0557549 -0.0682494 0.0130505 1
0.991349 0.0641878 -0.11449 -0.0651058 0.997869 -0.00429377 0.113971 0.0117106 0.993415 -0.0575253 -0.0694558 0.0130935 1
0.991043 0.0675787 -0.115185 -0.0685206 0.997641 -0.00423322 0.114627 0.0120878 0.993335 -0.0591506 -0.0705918 0.0132269 1
0.990737 0.0705412 -0.116037 -0.0715194 0.99743 -0.00428287 0.115437 0.0125421 0.993236 -0.0604509 -0.0715691 0.0133659 1
0.990395 0.073439 -0.117148 -0.0744495 0.997216 -0.00426787 0.116509 0.0129485 0.993105 -0.0617251 -0.0725285 0.0136433 1
0.99006 0.0759179 -0.118393 -0.0769665 0.997024 -0.00430316 0.117714 0.0133727 0.992958 -0.0626903 -0.0733685 0.0139766 1
0.989737 0.0779392 -0.119779 -0.0790263 0.996863 -0.00434565 0.119065 0.0137667 0.992791 -0.0633052 -0.0740657 0.0144082 1
0.989409 0.0797184 -0.121301 -0.0808562 0.996716 -0.00447902 0.120546 0.0142395 0.992606 -0.0637499 -0.0746711 0.0148215 1
0.989073 0.0814053 -0.122911 -0.0826023 0.996572 -0.00466575 0.12211 0.0147675 0.992407 -0.0641449 -0.0752337 0.0152121 1
0.988757 0.0827341 -0.124561 -0.0840039 0.996453 -0.00496758 0.123708 0.0153753 0.9922 -0.0642855 -0.0756898 0.0155604 1
0.988406 0.0842248 -0.126329 -0.0855685 0.996319 -0.00523848 0.125423 0.0159876 0.991975 -0.0645947 -0.0761915 0.0159309 1
0.988035 0.0858458 -0.128132 -0.0872677 0.99617 -0.00551415 0.127168 0.01663 0.991742 -0.0650452 -0.0767527 0.016283 1
0.987672 0.0874514 -0.129832 -0.0889331 0.996022 -0.00564779 0.128822 0.0171246 0.99152 -0.0655135 -0.0773408 0.0167085 1
0.987335 0.0888986 -0.131406 -0.0904312 0.995886 -0.0057301 0.130356 0.0175407 0.991312 -0.06589 -0.0779021 0.0171458 1
0.98702 0.0903085 -0.132801 -0.0918756 0.995754 -0.0057075 0.131721 0.0178345 0.991126 -0.0662643 -0.07846 0.0175985 1
0.986708 0.0919367 -0.133996 -0.0935137 0.995603 -0.00550988 0.1329 0.0179671 0.990967 -0.0668649 -0.0791051 0.0180996 1
0.986396 0.0937677 -0.135017 -0.0953369 0.995432 -0.00518945 0.133914 0.017991 0.99083 -0.0676939 -0.079821 0.0186109 1
0.986114 0.0955162 -0.135855 -0.0970703 0.995266 -0.00484606 0.134749 0.0179662 0.990717 -0.0685047 -0.0805168 0.0190866 1
0.985832 0.0974899 -0.136495 -0.0990107 0.995077 -0.00438145 0.135396 0.0178338 0.990631 -0.0695609 -0.0812825 0.0195645 1
0.985543 0.0996291 -0.137038 -0.101121 0.994866 -0.00394992 0.135941 0.0177502 0.990558 -0.07081 -0.0820928 0.0199553 1
0.985282 0.101619 -0.137449 -0.103071 0.994668 -0.00346935 0.136364 0.0175853 0.990503 -0.0719873 -0.082853 0.0203611 1
0.985068 0.103311 -0.137727 -0.104722 0.994497 -0.00301833 0.136657 0.0173963 0.990466 -0.0729582 -0.0835079 0.0207271 1
0.984836 0.105124 -0.138012 -0.106492 0.99431 -0.00254874 0.136959 0.0172073 0.990427 -0.0740903 -0.0841819 0.0210857 1
0.984613 0.106717 -0.138379 -0.108048 0.994143 -0.00212257 0.137342 0.0170415 0.990377 -0.0750969 -0.0847872 0.0214594 1
0.984414 0.108042 -0.138763 -0.109341 0.994003 -0.00174754 0.137742 0.0168928 0.990324 -0.0759461 -0.0852917 0.0218214 1
0.984225 0.109156 -0.139234 -0.110438 0.993882 -0.00148683 0.13822 0.0168401 0.990258 -0.076676 -0.0857216 0.0221219 1
0.984037 0.1101 -0.139816 -0.111373 0.993778 -0.00129486 0.138804 0.016846 0.990177 -0.0773241 -0.0860824 0.0224149 1
0.983849 0.110946 -0.140471 -0.112211 0.993684 -0.00109526 0.139462 0.01684 0.990084 -0.0779503 -0.0864124 0.022738 1
0.983678 0.111582 -0.141164 -0.112838 0.993613 -0.00089961 0.140162 0.0168135 0.989986 -0.078453 -0.0866685 0.0230819 1
0.983533 0.111957 -0.141875 -0.113204 0.993571 -0.000724914 0.140882 0.0167739 0.989884 -0.0787879 -0.0868342 0.0234309 1
0.98341 0.112132 -0.142588 -0.113363 0.993553 -0.000511892 0.141611 0.0166676 0.989782 -0.0790089 -0.0869394 0.0238262 1
0.983313 0.112116 -0.143271 -0.113327 0.993558 -0.000292876 0.142315 0.0165244 0.989683 -0.079113 -0.0869753 0.0242157 1
0.983192 0.112376 -0.143894 -0.11356 0.993531 -1.75495e-05 0.142961 0.0163579 0.989593 -0.0795044 -0.0870794 0.0245739 1
0.983214 0.111576 -0.144365 -0.112725 0.993626 0.00022406 0.14347 0.0160533 0.989524 -0.0790384 -0.0868739 0.0249833 1
0.983243 0.110885 -0.1447 -0.11198 0.99371 0.000575653 0.143854 0.0156376 0.989475 -0.078707 -0.0866971 0.025399 1
0.983335 0.10984 -0.144868 -0.110872 0.993834 0.000959711 0.14408 0.015118 0.989451 -0.0781185 -0.0864252 0.0258282 1
0.983463 0.10875 -0.144826 -0.109698 0.993964 0.00144685 0.144109 0.0144642 0.989456 -0.0775311 -0.0861546 0.0262625 1
0.983596 0.107953 -0.144518 -0.108802 0.994061 0.00203628 0.14388 0.013721 0.9895 -0.0772217 -0.0859476 0.0266437 1
0.983639 0.108209 -0.144029 -0.108942 0.994044 0.00280981 0.143475 0.012927 0.98957 -0.0778405 -0.0860548 0.0269618 1
0.983833 0.107226 -0.143438 -0.107846 0.994162 0.00346865 0.142972 0.0120566 0.989653 -0.0774288 -0.0858443 0.0273098 1
0.984037 0.106377 -0.14267 -0.106872 0.994264 0.00421071 0.1423 0.0111039 0.989761 -0.0771524 -0.0856822 0.027633 1
0.98405 0.107394 -0.141819 -0.107764 0.994163 0.00509482 0.141538 0.0102694 0.98988 -0.0784989 -0.0860092 0.0277946 1
0.984393 0.105577 -0.140798 -0.105828 0.994368 0.0057247 0.140609 0.00926496 0.990022 -0.0774326 -0.0855887 0.0280544 1
0.984764 0.103552 -0.139704 -0.103702 0.994589 0.00622382 0.139592 0.00835855 0.990174 -0.0761958 -0.08508 0.0281757 1
0.985015 0.10289 -0.138415 -0.102918 0.994665 0.0069757 0.138394 0.00737421 0.99035 -0.0761353 -0.0849627 0.0282771 1
