NO_OF_FRAMES	30397
FREQUENCY	100
DATA_INCLUDED	6DOF(row-major-order)
ORDER	R11 R12 R13 R21 R22 R23 R31 R32 R33 Tx Ty Tz RMS
SOURCE_FILE	/afs/inf.ed.ac.uk/group/cstr/projects/galatea/DB/MotionCapture/Recordings_October_2014/Markers/Beve/CSTR/Beve_02_e.tsv.gz,Head/Beve_02_e.dof.gz
RIGID_BODY_MARKERS	 1 2 3 4
PROGRAM_NAME	EstimateRigidBodyWithSegment,nm-head-orientation
REFERENCE_FRAME	3
SEGMENT_HALF_WIDTH	2
SEGMENT_WINDOW_TYPE	rectangle
REFERENCE_MARKER_1	-0.348678 0.788244 0.0576283
REFERENCE_MARKER_2	-0.332455 0.818185 0.207672
REFERENCE_MARKER_3	-0.303061 0.809821 0.137279
REFERENCE_MARKER_4	-0.349569 0.758734 0.27024
REFERENCE_CENTRE	-0.333441 0.793746 0.168205
NOTES	Normalised_Head_Orientation
END_OF_HEADER
0.947669 -0.318809 -0.016882 0.314945 0.942226 -0.114104 0.0522841 0.102816 0.993325 0 0 0 1
0.947669 -0.318809 -0.016882 0.314945 0.942226 -0.114104 0.0522841 0.102816 0.993325 0 0 0 1
0.947669 -0.318809 -0.016882 0.314945 0.942226 -0.114104 0.0522841 0.102816 0.993325 -6.52506e-16 -1.07555e-15 -8.05249e-16 1
0.947725 -0.318603 -0.017617 0.314694 0.942377 -0.113553 0.05278 0.102073 0.993376 0.000241261 -0.000288285 0.000797538 1
0.948459 -0.316404 -0.017744 0.312526 0.943168 -0.112968 0.052479 0.1016 0.99344 -0.00103645 -0.00167937 0.00112645 1
0.949483 -0.313312 -0.0178187 0.309443 0.944185 -0.112962 0.0522164 0.101741 0.99344 -0.00297481 -0.00345126 0.000989048 1
0.950188 -0.311156 -0.0180167 0.307285 0.9449 -0.112872 0.0521447 0.101713 0.993446 -0.00427305 -0.00469181 0.00106403 1
0.950947 -0.308826 -0.0180518 0.304971 0.945666 -0.112731 0.0518851 0.101696 0.993462 -0.00573898 -0.00605682 0.00107555 1
0.951605 -0.306784 -0.0182049 0.302913 0.9463 -0.112965 0.0518831 0.101983 0.993432 -0.00701696 -0.00715912 0.000939314 1
0.951386 -0.30742 -0.0189058 0.303483 0.946137 -0.112799 0.0525642 0.101578 0.993438 -0.00633638 -0.00690203 0.00158585 1
0.951244 -0.307822 -0.0194983 0.303804 0.945992 -0.113149 0.053275 0.101708 0.993387 -0.00587336 -0.00665097 0.00182069 1
0.951326 -0.307543 -0.0199166 0.303461 0.946053 -0.113553 0.0537645 0.101982 0.993332 -0.0059421 -0.00678202 0.00186631 1
0.951279 -0.307668 -0.0202231 0.303531 0.945979 -0.113987 0.0542008 0.102295 0.993276 -0.00576597 -0.00667035 0.00186492 1
0.951379 -0.30734 -0.0205182 0.303149 0.946045 -0.11445 0.0545861 0.102665 0.993217 -0.0059293 -0.00682612 0.00179869 1
0.951673 -0.30645 -0.0201961 0.30227 0.946266 -0.11495 0.0543372 0.10329 0.993166 -0.00660399 -0.00723981 0.00131868 1
0.951784 -0.306126 -0.0198499 0.301982 0.946355 -0.114972 0.053981 0.103434 0.99317 -0.00688631 -0.0074537 0.00118008 1
0.951738 -0.306285 -0.0195825 0.302169 0.946298 -0.114956 0.0537401 0.10349 0.993178 -0.00681721 -0.00740826 0.00114831 1
0.95182 -0.306041 -0.0194434 0.301937 0.946362 -0.115036 0.0536062 0.103623 0.993171 -0.00701488 -0.00757446 0.00108336 1
0.951732 -0.306329 -0.0191941 0.302252 0.946268 -0.114978 0.0533839 0.103627 0.993183 -0.00685284 -0.00745979 0.00108309 1
0.951909 -0.305784 -0.0191208 0.301701 0.946407 -0.115288 0.0533493 0.103975 0.993148 -0.00725838 -0.00773424 0.000859381 1
0.952116 -0.305143 -0.0190531 0.301057 0.946581 -0.11554 0.0532917 0.104272 0.99312 -0.00772245 -0.00808039 0.000654925 1
0.952434 -0.30415 -0.0190144 0.300059 0.946865 -0.11581 0.0532277 0.104596 0.993089 -0.00842731 -0.00862073 0.000410368 1
0.952647 -0.30349 -0.0189106 0.299406 0.947051 -0.115975 0.0531065 0.104821 0.993072 -0.00889633 -0.00898592 0.000215147 1
0.952956 -0.30252 -0.0189023 0.29843 0.947333 -0.116191 0.0530568 0.105084 0.993047 -0.00956189 -0.0095132 7.84784e-07 1
0.953147 -0.301918 -0.0188636 0.29783 0.947509 -0.116293 0.0529843 0.105226 0.993036 -0.00996284 -0.00985338 -0.000134835 1
0.953262 -0.301557 -0.0188231 0.297475 0.947619 -0.116306 0.0529101 0.105271 0.993035 -0.010183 -0.0100664 -0.000201321 1
0.953349 -0.301283 -0.0187981 0.297208 0.947708 -0.116261 0.0528427 0.105251 0.993041 -0.0103312 -0.0102376 -0.000222742 1
0.953517 -0.300748 -0.0188478 0.296676 0.947887 -0.116164 0.0528017 0.105173 0.993051 -0.0106449 -0.0105736 -0.000199143 1
0.953645 -0.300338 -0.0189543 0.296262 0.948029 -0.116059 0.052826 0.105063 0.993061 -0.0108567 -0.0108394 -0.000134724 1
0.953887 -0.29955 -0.0192149 0.295457 0.948291 -0.11597 0.0529602 0.104945 0.993067 -0.0113053 -0.0113235 -3.38669e-05 1
0.954186 -0.298576 -0.0195614 0.294455 0.94861 -0.115912 0.0531645 0.104841 0.993067 -0.0118746 -0.0119037 7.62766e-05 1
0.954391 -0.297891 -0.0199453 0.293737 0.94884 -0.11585 0.0534356 0.104708 0.993066 -0.0122296 -0.0123106 0.000232033 1
0.95471 -0.296833 -0.0204647 0.292632 0.949185 -0.115824 0.053805 0.104589 0.993059 -0.0128272 -0.012932 0.000406056 1
0.95493 -0.296095 -0.0208934 0.291855 0.949427 -0.115799 0.0541243 0.104482 0.993053 -0.0132095 -0.01336 0.000554236 1
0.955092 -0.295544 -0.021308 0.291264 0.949609 -0.115789 0.0544551 0.104383 0.993045 -0.0134637 -0.013667 0.000701261 1
0.955417 -0.294454 -0.021816 0.290126 0.949954 -0.115824 0.0548292 0.104331 0.99303 -0.0140832 -0.014283 0.000821644 1
0.955642 -0.293691 -0.0222423 0.28932 0.950193 -0.115873 0.0551652 0.104298 0.993015 -0.0144857 -0.0147007 0.00091636 1
0.955845 -0.293016 -0.0224028 0.288647 0.950431 -0.115602 0.0551655 0.104031 0.993043 -0.0148536 -0.0151068 0.00108799 1
0.956205 -0.29182 -0.0226505 0.287445 0.950824 -0.115363 0.055202 0.1038 0.993065 -0.0155788 -0.0158125 0.00124047 1
0.956532 -0.290733 -0.0228208 0.286362 0.951184 -0.115092 0.0551679 0.103554 0.993093 -0.0162407 -0.0164662 0.00138203 1
0.956696 -0.290193 -0.0228204 0.28584 0.951373 -0.114829 0.0550334 0.103334 0.993123 -0.0165366 -0.0167891 0.00147044 1
0.957009 -0.289155 -0.0228614 0.284818 0.951713 -0.114547 0.0548795 0.103112 0.993155 -0.0171776 -0.017408 0.00154826 1
0.957165 -0.288631 -0.0229731 0.284286 0.951872 -0.114544 0.0549283 0.103106 0.993153 -0.0174573 -0.0176905 0.00151722 1
0.957304 -0.288165 -0.0230238 0.283818 0.952014 -0.11453 0.0549226 0.103106 0.993153 -0.0177001 -0.0179312 0.00146033 1
0.957489 -0.287546 -0.0230508 0.283204 0.952205 -0.114465 0.054863 0.103071 0.99316 -0.018055 -0.0182758 0.00140277 1
0.957664 -0.286962 -0.0230586 0.282628 0.95239 -0.114343 0.0547729 0.102985 0.993174 -0.0183885 -0.0186094 0.00137114 1
0.957793 -0.286537 -0.0229767 0.282225 0.952532 -0.114156 0.0545962 0.102854 0.993197 -0.0186308 -0.0188669 0.00134335 1
0.95813 -0.285412 -0.022956 0.28112 0.952885 -0.113938 0.0543938 0.102714 0.993223 -0.0193601 -0.0195345 0.00130188 1
0.95828 -0.284917 -0.0228241 0.280653 0.953049 -0.113716 0.0541522 0.102566 0.993251 -0.0196646 -0.0198372 0.00125751 1
0.958433 -0.284421 -0.0226151 0.280194 0.953212 -0.113477 0.0538323 0.102424 0.993283 -0.0199727 -0.0201425 0.00118085 1
0.958597 -0.283888 -0.0223696 0.279703 0.953387 -0.113225 0.05347 0.10228 0.993318 -0.0203174 -0.0204807 0.0010936 1
0.958794 -0.283239 -0.0221221 0.279093 0.953588 -0.113035 0.0531114 0.102203 0.993345 -0.0207388 -0.0208652 0.000955876 1
0.958765 -0.283369 -0.0217088 0.279274 0.953556 -0.112858 0.052681 0.102142 0.993374 -0.0206272 -0.0207903 0.000795571 1
0.958972 -0.282694 -0.0213862 0.278645 0.953761 -0.112684 0.0522523 0.102101 0.993401 -0.0210762 -0.0211944 0.00061975 1
0.959192 -0.281969 -0.0210969 0.277962 0.95398 -0.11251 0.0518503 0.102054 0.993427 -0.0215489 -0.0216243 0.00046481 1
0.959362 -0.281412 -0.0207748 0.277451 0.95415 -0.112333 0.0514342 0.102004 0.993453 -0.0218998 -0.021955 0.000314558 1
0.959547 -0.280801 -0.0205018 0.27688 0.954336 -0.112166 0.051062 0.101952 0.993478 -0.0222815 -0.0223199 0.000186003 1
0.959727 -0.280202 -0.0202721 0.276317 0.954522 -0.11197 0.0507243 0.101859 0.993505 -0.0226523 -0.0227004 0.000104133 1
0.959847 -0.279804 -0.0200683 0.275952 0.95465 -0.111774 0.0504332 0.101748 0.993531 -0.022867 -0.0229579 5.60456e-05 1
0.959948 -0.279468 -0.0199416 0.275638 0.954757 -0.111635 0.0502376 0.101667 0.993549 -0.0230355 -0.0231736 2.27983e-05 1
0.960072 -0.279028 -0.020122 0.275173 0.954871 -0.111804 0.0504103 0.101802 0.993527 -0.0232434 -0.0234203 -6.10519e-05 1
0.960162 -0.278701 -0.0203529 0.274815 0.954954 -0.11198 0.050645 0.101926 0.993502 -0.0233645 -0.0236033 -0.000106189 1
0.960232 -0.27844 -0.0206477 0.274513 0.955011 -0.112231 0.0509685 0.1021 0.993468 -0.0234305 -0.0237253 -0.000152855 1
0.960322 -0.2781 -0.0210243 0.274121 0.955087 -0.112543 0.0513782 0.102314 0.993424 -0.0235485 -0.0238889 -0.000195936 1
0.960428 -0.277707 -0.0213859 0.27368 0.955184 -0.112794 0.0517512 0.102477 0.993388 -0.0237037 -0.0241023 -0.000206333 1
0.960693 -0.276766 -0.0216877 0.272706 0.95545 -0.112903 0.0519693 0.102551 0.993369 -0.024261 -0.024618 -0.000185424 1
0.960914 -0.275977 -0.021938 0.271891 0.955669 -0.113013 0.0521544 0.102631 0.993351 -0.024719 -0.0250438 -0.000176993 1
0.961031 -0.275559 -0.0220638 0.271462 0.955791 -0.11301 0.0522293 0.102617 0.993349 -0.0249274 -0.0252925 -0.000127735 1
0.961195 -0.274976 -0.0221919 0.270869 0.955959 -0.113016 0.0522912 0.102619 0.993345 -0.0252583 -0.0256222 -9.25538e-05 1
0.961345 -0.274442 -0.0223079 0.27032 0.956102 -0.113122 0.0523742 0.102719 0.993331 -0.0255672 -0.0258951 -0.000123182 1
0.961338 -0.274472 -0.0222308 0.270359 0.956092 -0.113114 0.0523013 0.10273 0.993333 -0.0255014 -0.0258773 -0.000133454 1
0.961326 -0.274522 -0.0221442 0.27042 0.95608 -0.113063 0.05221 0.102702 0.993341 -0.0254296 -0.0258621 -0.000116662 1
0.961505 -0.273887 -0.022229 0.269774 0.95625 -0.113173 0.0522532 0.10282 0.993327 -0.025836 -0.0261898 -0.000171516 1
0.961588 -0.273598 -0.0222044 0.269487 0.956327 -0.113201 0.0522062 0.102869 0.993324 -0.0260214 -0.0263374 -0.000202171 1
0.961659 -0.273352 -0.0221736 0.269247 0.956398 -0.113176 0.0521437 0.102867 0.993327 -0.0261808 -0.0264734 -0.000198049 1
0.961791 -0.272883 -0.0221977 0.268779 0.956531 -0.113167 0.0521142 0.102877 0.993328 -0.0264969 -0.0267358 -0.000197017 1
0.962005 -0.272118 -0.0223003 0.268005 0.956742 -0.11322 0.0521448 0.102941 0.99332 -0.0270201 -0.0271528 -0.000222707 1
0.96222 -0.271352 -0.0223926 0.267232 0.956954 -0.113249 0.0521591 0.102987 0.993314 -0.02755 -0.0275737 -0.000241427 1
0.962366 -0.270827 -0.0224558 0.266705 0.957105 -0.113222 0.052156 0.102971 0.993316 -0.0279096 -0.0278831 -0.000217551 1
0.962481 -0.270413 -0.0225228 0.266284 0.957219 -0.113242 0.0521814 0.102996 0.993312 -0.028197 -0.0281101 -0.00021453 1
0.962591 -0.270016 -0.0225936 0.265881 0.957328 -0.113272 0.0522146 0.103027 0.993307 -0.0284747 -0.0283219 -0.000210454 1
0.962675 -0.269711 -0.0226308 0.265574 0.957414 -0.113267 0.0522163 0.103029 0.993307 -0.0286873 -0.0284987 -0.000192261 1
0.962672 -0.269726 -0.0226095 0.265593 0.957412 -0.113233 0.0521885 0.103001 0.993311 -0.0286756 -0.028504 -0.000157403 1
0.96284 -0.269135 -0.0224795 0.265031 0.957597 -0.112986 0.0519348 0.10283 0.993342 -0.0291064 -0.0288626 -7.88244e-05 1
0.963076 -0.268295 -0.0223992 0.264217 0.957852 -0.112734 0.0517012 0.102653 0.993373 -0.0296951 -0.0293676 7.91615e-06 1
0.96331 -0.267467 -0.0222771 0.263422 0.958107 -0.112428 0.0514145 0.102434 0.99341 -0.0302669 -0.0298933 0.000102977 1
0.963553 -0.266602 -0.0221098 0.262597 0.958374 -0.112084 0.0510712 0.102193 0.993453 -0.0308545 -0.0304365 0.00019075 1
0.96386 -0.265506 -0.0219237 0.261544 0.958703 -0.111726 0.0506822 0.101954 0.993497 -0.031587 -0.0311025 0.000254241 1
0.96407 -0.26475 -0.0218286 0.260812 0.958927 -0.111515 0.0504557 0.101815 0.993523 -0.0320459 -0.0315698 0.000275837 1
0.96425 -0.264104 -0.0216814 0.260203 0.959133 -0.111169 0.0501556 0.101553 0.993565 -0.0324106 -0.0320024 0.000358779 1
0.964434 -0.263437 -0.0216516 0.259563 0.959352 -0.110772 0.0499531 0.101213 0.99361 -0.0327568 -0.032431 0.000529344 1
0.964346 -0.263765 -0.0215559 0.259933 0.959332 -0.110075 0.0497133 0.100547 0.993689 -0.0323779 -0.0323649 0.000936586 1
0.964162 -0.264453 -0.0213476 0.260685 0.959234 -0.109149 0.0493423 0.0996727 0.993796 -0.0317522 -0.0321508 0.00144617 1
0.963953 -0.265241 -0.0210275 0.261548 0.95911 -0.10817 0.0488587 0.0987709 0.99391 -0.0310661 -0.0318576 0.00192578 1
0.963761 -0.265978 -0.0205182 0.262384 0.959001 -0.10711 0.0481659 0.0978449 0.994035 -0.0304279 -0.0315595 0.00233491 1
0.963536 -0.266847 -0.0197603 0.263384 0.958869 -0.105821 0.0471856 0.096758 0.994189 -0.0297126 -0.0311995 0.00274722 1
0.963601 -0.266678 -0.018862 0.263366 0.959023 -0.104467 0.0459481 0.0956967 0.994349 -0.0297379 -0.0313803 0.00301648 1
0.963867 -0.265783 -0.0178637 0.262641 0.95939 -0.102914 0.0444909 0.0945033 0.99453 -0.0302491 -0.0319569 0.00328674 1
0.964244 -0.264478 -0.0168823 0.261512 0.959887 -0.101133 0.0429525 0.0931017 0.99473 -0.0309914 -0.0327906 0.00366218 1
0.964753 -0.262703 -0.0154865 0.259967 0.960537 -0.0989235 0.0408628 0.0914107 0.994975 -0.0320904 -0.0339563 0.00399901 1
0.965347 -0.260615 -0.0136115 0.258155 0.961274 -0.0964831 0.0382293 0.0896258 0.995242 -0.0334479 -0.0353162 0.00419585 1
0.966047 -0.258125 -0.0112039 0.255986 0.962116 -0.0938331 0.0350001 0.0877791 0.995525 -0.0351478 -0.0369173 0.00420254 1
0.966777 -0.255481 -0.00843306 0.253688 0.962996 -0.0909988 0.0313695 0.0858362 0.995815 -0.0370002 -0.0386325 0.00412036 1
0.967562 -0.25259 -0.00474525 0.251213 0.963936 -0.0878552 0.0267655 0.0838133 0.996122 -0.0391916 -0.0405114 0.00372591 1
0.968338 -0.249643 -0.000652204 0.248693 0.964875 -0.0846636 0.021765 0.0818208 0.996409 -0.0415048 -0.0424159 0.00318208 1
0.9692 -0.246244 0.00378324 0.245729 0.965924 -0.0812899 0.0163628 0.0797159 0.996683 -0.0442028 -0.0446037 0.00255006 1
0.970076 -0.242645 0.00868933 0.242574 0.967009 -0.0777909 0.0104729 0.0775709 0.996932 -0.0471531 -0.0469394 0.00174372 1
0.970842 -0.239306 0.0140593 0.239683 0.968014 -0.0741719 0.00414018 0.075379 0.997146 -0.0500215 -0.0491817 0.000776024 1
0.971511 -0.236196 0.0194139 0.236983 0.968957 -0.0704454 -0.00217226 0.0730393 0.997327 -0.0527286 -0.0513799 -0.000104818 1
0.972061 -0.23342 0.0247503 0.234576 0.969814 -0.0666003 -0.00845734 0.0705454 0.997473 -0.0552041 -0.0534845 -0.000885468 1
0.972444 -0.231183 0.030124 0.232672 0.97053 -0.0627271 -0.0147348 0.0680076 0.997576 -0.0573168 -0.0553571 -0.0016733 1
0.972712 -0.2293 0.0353943 0.231071 0.971164 -0.0587056 -0.0209125 0.0652822 0.997648 -0.0591637 -0.0571304 -0.00231415 1
0.972884 -0.227733 0.0404276 0.229729 0.971724 -0.0545542 -0.0268607 0.0623623 0.997692 -0.0607317 -0.0588096 -0.00276416 1
0.972867 -0.226803 0.0457148 0.228969 0.972172 -0.0495393 -0.033207 0.0586624 0.997725 -0.0618878 -0.0603954 -0.0027377 1
0.972822 -0.225839 0.0511232 0.228131 0.972611 -0.0445414 -0.0396638 0.0549936 0.997699 -0.0630839 -0.0620195 -0.00280176 1
0.972736 -0.225 0.0562117 0.227338 0.973022 -0.0393075 -0.045851 0.0510148 0.997645 -0.0641314 -0.0636462 -0.00253085 1
0.972722 -0.223726 0.0613075 0.226067 0.973508 -0.034281 -0.0520138 0.0472055 0.99753 -0.0654767 -0.065457 -0.00238183 1
0.972708 -0.22236 0.066294 0.224662 0.973991 -0.0294683 -0.0580172 0.0435578 0.997365 -0.066872 -0.0672731 -0.00227649 1
0.972699 -0.221126 0.0704251 0.223317 0.974429 -0.0248292 -0.0631339 0.0398785 0.997208 -0.0679798 -0.0689701 -0.00185506 1
0.973091 -0.218083 0.0743909 0.220207 0.975215 -0.0215627 -0.0678447 0.0373639 0.996996 -0.0704119 -0.0712673 -0.00217652 1
0.973591 -0.214474 0.0782438 0.216547 0.976088 -0.0189449 -0.0723097 0.0353881 0.996754 -0.0732482 -0.0737095 -0.00280711 1
0.974042 -0.211226 0.0814013 0.213232 0.976859 -0.0166875 -0.0759927 0.0336117 0.996542 -0.0757238 -0.0758747 -0.00327425 1
0.974553 -0.207758 0.0841557 0.209689 0.977657 -0.0147065 -0.07922 0.0319788 0.996344 -0.0783269 -0.0780792 -0.00365448 1
0.975253 -0.20345 0.0865433 0.205385 0.978581 -0.0139796 -0.0818455 0.0314083 0.99615 -0.0815427 -0.0804155 -0.00462997 1
0.97546 -0.201887 0.0878573 0.203721 0.978951 -0.0123431 -0.0835161 0.0299386 0.996057 -0.0825282 -0.0815912 -0.0045494 1
0.975653 -0.200437 0.0890332 0.202196 0.979282 -0.0111046 -0.0849629 0.0288363 0.995967 -0.0834567 -0.0825842 -0.00463209 1
0.975768 -0.199536 0.0897922 0.201216 0.979496 -0.00997209 -0.0859613 0.0277981 0.995911 -0.083939 -0.0832667 -0.00459332 1
0.975938 -0.198307 0.0906649 0.199921 0.979771 -0.00898834 -0.0870484 0.0268979 0.995841 -0.0847351 -0.0840457 -0.00465562 1
0.975974 -0.197897 0.0911696 0.19945 0.979874 -0.00816406 -0.0877191 0.0261517 0.995802 -0.0848792 -0.0843643 -0.00465662 1
0.976172 -0.196476 0.0921203 0.198 0.980172 -0.00762233 -0.0887962 0.0256805 0.995719 -0.0859202 -0.0850865 -0.00498228 1
0.976189 -0.196274 0.0923626 0.197733 0.980232 -0.00683519 -0.0891952 0.0249356 0.995702 -0.0859166 -0.0852656 -0.00486791 1
0.976293 -0.195473 0.0929634 0.19688 0.980409 -0.00612146 -0.0899455 0.0242789 0.995651 -0.0864561 -0.0856959 -0.00491071 1
0.97627 -0.195547 0.0930492 0.196902 0.980408 -0.00552319 -0.0901461 0.0237137 0.995646 -0.0862378 -0.0856673 -0.0048514 1
0.976314 -0.195137 0.0934474 0.196453 0.9805 -0.00500546 -0.0906484 0.0232449 0.995612 -0.0864553 -0.085849 -0.00495828 1
0.976275 -0.19533 0.0934478 0.196582 0.980478 -0.00430043 -0.0907836 0.0225686 0.995615 -0.0861284 -0.0857664 -0.00478261 1
0.976316 -0.195038 0.0936284 0.196248 0.980547 -0.00379988 -0.091066 0.0220842 0.9956 -0.086198 -0.0858819 -0.00475831 1
0.976249 -0.195546 0.0932753 0.196702 0.980458 -0.00327701 -0.0908117 0.0215466 0.995635 -0.0855311 -0.0856208 -0.0045318 1
0.976221 -0.195852 0.0929229 0.196959 0.980408 -0.00280561 -0.0905528 0.0210409 0.995669 -0.0849952 -0.0854511 -0.00430874 1
0.976193 -0.196273 0.0923272 0.197332 0.980334 -0.00239468 -0.0900415 0.0205568 0.995726 -0.0843034 -0.0852205 -0.00400704 1
0.97621 -0.196488 0.0916925 0.197516 0.980297 -0.00218485 -0.0894566 0.0202436 0.995785 -0.0837362 -0.0850583 -0.00377057 1
0.976151 -0.197283 0.0906061 0.198289 0.980141 -0.00214822 -0.088383 0.0200632 0.995884 -0.082624 -0.0845743 -0.00349099 1
0.976248 -0.197299 0.0895132 0.198295 0.98014 -0.00228228 -0.0872852 0.0199781 0.995983 -0.082066 -0.0844454 -0.00323095 1
0.976323 -0.197534 0.0881646 0.198529 0.980092 -0.00257469 -0.0859008 0.020017 0.996103 -0.0812698 -0.0842075 -0.00293433 1
0.976453 -0.197662 0.0864246 0.198656 0.980065 -0.00296985 -0.0841147 0.0200687 0.996254 -0.0804332 -0.0840321 -0.00249493 1
0.976636 -0.197676 0.084297 0.198693 0.980054 -0.00376653 -0.0818711 0.0204278 0.996434 -0.0795658 -0.0838633 -0.00211543 1
0.97696 -0.197044 0.0819913 0.198073 0.980177 -0.00452861 -0.0794737 0.0206645 0.996623 -0.0791148 -0.0840577 -0.00154541 1
0.977289 -0.196593 0.0791096 0.197645 0.980258 -0.00561532 -0.0764439 0.0211234 0.99685 -0.0783736 -0.0841324 -0.00091105 1
0.977628 -0.195864 0.0766824 0.196948 0.98039 -0.00676802 -0.0738531 0.0217191 0.997033 -0.0779691 -0.0843334 -0.000510177 1
0.978064 -0.194715 0.0740046 0.195844 0.9806 -0.00824951 -0.0709626 0.0225619 0.997224 -0.0778025 -0.0846828 -0.000162514 1
0.978798 -0.192101 0.0710713 0.193231 0.981109 -0.00931144 -0.0679399 0.0228472 0.997428 -0.0786584 -0.0858706 0.000682249 1
0.979487 -0.189805 0.0676654 0.190935 0.981546 -0.0105888 -0.0644069 0.0232913 0.997652 -0.0791616 -0.0868339 0.00158617 1
0.980299 -0.186775 0.0642556 0.187887 0.982121 -0.0116676 -0.0609276 0.0235105 0.997865 -0.0802327 -0.0881997 0.00266102 1
0.981456 -0.182206 0.0595377 0.183298 0.982966 -0.0133942 -0.056083 0.0240589 0.998136 -0.0821448 -0.0902132 0.00394456 1
0.982624 -0.177387 0.0546266 0.178439 0.983837 -0.0149778 -0.0510868 0.024465 0.998395 -0.0842373 -0.092361 0.00542644 1
0.983624 -0.1733 0.0495029 0.174312 0.984546 -0.0168728 -0.0458139 0.0252254 0.998631 -0.0857673 -0.0940681 0.00673779 1
0.98466 -0.168704 0.0445366 0.169665 0.985324 -0.0187276 -0.0407236 0.0259966 0.998832 -0.0877477 -0.096035 0.0080241 1
0.985626 -0.164327 0.0392093 0.165225 0.986036 -0.0208378 -0.0352376 0.0270166 0.999014 -0.0895166 -0.0978332 0.00927924 1
0.986369 -0.160986 0.0340519 0.161793 0.98657 -0.0224157 -0.0299859 0.0276195 0.999169 -0.0905492 -0.0992149 0.0108234 1
0.986986 -0.158161 0.0290457 0.158877 0.987 -0.0242536 -0.0248321 0.0285527 0.999284 -0.0912671 -0.100297 0.0120667 1
0.987466 -0.15602 0.0238483 0.156628 0.98731 -0.0261978 -0.0194583 0.0296047 0.999372 -0.0914479 -0.10104 0.0133382 1
0.987928 -0.153776 0.0187452 0.154265 0.987626 -0.0282441 -0.01417 0.0307949 0.999425 -0.091756 -0.101825 0.0144539 1
0.988315 -0.151808 0.0136764 0.152162 0.98789 -0.0303191 -0.0089081 0.0320458 0.999447 -0.0918829 -0.102487 0.0155179 1
0.988727 -0.149498 0.00830613 0.149691 0.988206 -0.0322712 -0.00338368 0.0331507 0.999445 -0.0922267 -0.103348 0.0168012 1
0.989032 -0.147674 0.00289993 0.147687 0.988447 -0.0340753 0.00216562 0.0341298 0.999415 -0.0921957 -0.104039 0.0181822 1
0.989377 -0.145352 -0.00224024 0.14518 0.988757 -0.0358069 0.00741967 0.0351013 0.999356 -0.0925966 -0.104991 0.019439 1
0.989679 -0.143113 -0.00733856 0.142745 0.989051 -0.0374429 0.0126168 0.0360089 0.999272 -0.0929346 -0.105944 0.0207296 1
0.990001 -0.140512 -0.012388 0.139947 0.98941 -0.0385008 0.0176666 0.0363822 0.999182 -0.0935434 -0.107181 0.0223822 1
0.990269 -0.138117 -0.0170429 0.137359 0.989727 -0.0396541 0.0223448 0.0369272 0.999068 -0.0940902 -0.108327 0.0237272 1
0.990602 -0.13506 -0.0215829 0.134112 0.990134 -0.0405927 0.0268525 0.0373167 0.998943 -0.095177 -0.109805 0.0251488 1
0.990858 -0.132391 -0.0259566 0.131255 0.990482 -0.0414399 0.0311958 0.0376541 0.998804 -0.0960398 -0.111136 0.0265387 1
0.991041 -0.130044 -0.0304263 0.128713 0.990782 -0.0422406 0.0356389 0.0379459 0.998644 -0.096681 -0.112329 0.0280024 1
0.991163 -0.12805 -0.0346388 0.126529 0.991029 -0.0430348 0.0398387 0.0382717 0.998473 -0.097155 -0.113361 0.0293442 1
0.991232 -0.126374 -0.03858 0.124671 0.991233 -0.0437444 0.0437699 0.038551 0.998298 -0.0974462 -0.114229 0.0306713 1
0.991339 -0.124232 -0.0425796 0.122354 0.991502 -0.0441999 0.0477088 0.0386073 0.998115 -0.0981312 -0.115345 0.0321719 1
0.991407 -0.122236 -0.0465855 0.120173 0.991742 -0.0447963 0.0516765 0.038813 0.997909 -0.098742 -0.116358 0.0335474 1
0.991575 -0.119292 -0.0504794 0.117059 0.9921 -0.0451105 0.0554619 0.0388214 0.997706 -0.100103 -0.117779 0.0350372 1
0.991562 -0.117785 -0.054147 0.115368 0.992267 -0.0457909 0.0591218 0.0391577 0.997482 -0.100418 -0.118499 0.0362443 1
0.991484 -0.116674 -0.0578522 0.114067 0.992384 -0.0464986 0.0628368 0.0395036 0.997242 -0.100464 -0.119038 0.0374524 1
0.991332 -0.116143 -0.0614127 0.113332 0.992424 -0.0474423 0.0664575 0.040071 0.996984 -0.100082 -0.11927 0.0384512 1
0.991193 -0.115474 -0.0648243 0.112481 0.99249 -0.0480743 0.0698888 0.0403594 0.996738 -0.0998245 -0.119586 0.0396387 1
0.990921 -0.116043 -0.0678952 0.112844 0.992394 -0.0492052 0.0730887 0.0410969 0.996478 -0.0986842 -0.119286 0.0403647 1
0.990798 -0.11521 -0.0710391 0.111818 0.992469 -0.0500197 0.0762669 0.0416159 0.996219 -0.098595 -0.119618 0.0412877 1
0.990723 -0.113967 -0.074018 0.110401 0.992598 -0.0506123 0.0792382 0.0419711 0.995972 -0.0988143 -0.120151 0.0422734 1
0.990684 -0.112577 -0.0766326 0.108853 0.99274 -0.0511636 0.0818361 0.0423453 0.995746 -0.0992241 -0.120733 0.0431095 1
0.990654 -0.111159 -0.0790414 0.107288 0.992885 -0.0516563 0.084221 0.0426934 0.995532 -0.099675 -0.121318 0.043919 1
0.990655 -0.109625 -0.0811507 0.105642 0.993051 -0.0518546 0.0862714 0.0427971 0.995352 -0.100274 -0.121992 0.0448164 1
0.990628 -0.108625 -0.0828028 0.104531 0.993147 -0.0522814 0.0879144 0.043136 0.995194 -0.100543 -0.122388 0.0453601 1
0.990571 -0.10816 -0.0840871 0.103949 0.993172 -0.0529463 0.0892396 0.0437062 0.995051 -0.100476 -0.122512 0.045605 1
0.99055 -0.107665 -0.0849599 0.103358 0.993201 -0.0535674 0.0901496 0.0442799 0.994943 -0.100472 -0.122645 0.045691 1
0.990556 -0.107177 -0.0855037 0.10279 0.993227 -0.054173 0.0907307 0.0448725 0.994864 -0.100514 -0.122752 0.0456391 1
0.990597 -0.10658 -0.0857812 0.102138 0.99327 -0.0546163 0.0910248 0.0453412 0.994816 -0.100648 -0.122919 0.0455816 1
0.990706 -0.105477 -0.0858807 0.100986 0.993362 -0.0550733 0.0911196 0.0458888 0.994782 -0.101219 -0.123294 0.0453918 1
0.990902 -0.103594 -0.0859175 0.0990778 0.993543 -0.0552743 0.0910889 0.0462588 0.994768 -0.102409 -0.124026 0.0452809 1
0.991065 -0.102051 -0.0858811 0.0975178 0.993689 -0.0554251 0.0909953 0.046555 0.994763 -0.103345 -0.124621 0.04522 1
0.991271 -0.100056 -0.0858549 0.0955146 0.993881 -0.0554716 0.0908798 0.046787 0.994762 -0.104638 -0.12543 0.0451974 1
0.991436 -0.0986205 -0.0856063 0.0940656 0.994006 -0.0557118 0.0905875 0.0471821 0.99477 -0.105576 -0.125962 0.0449692 1
0.991563 -0.0975867 -0.0853247 0.0930237 0.994092 -0.0559203 0.0902777 0.0475113 0.994783 -0.106205 -0.126325 0.044762 1
0.991636 -0.0971193 -0.0850011 0.0925489 0.994123 -0.0561602 0.0899558 0.0478238 0.994797 -0.106425 -0.126444 0.0445646 1
0.991737 -0.096413 -0.0846257 0.0918411 0.994178 -0.0563583 0.0895667 0.0481205 0.994818 -0.106862 -0.126655 0.0443488 1
0.991777 -0.0965393 -0.0840177 0.0919613 0.994144 -0.0567597 0.0890052 0.0485666 0.994846 -0.106711 -0.126481 0.0439297 1
0.991906 -0.0955309 -0.0836437 0.0909708 0.994236 -0.0567379 0.0885818 0.0486695 0.994879 -0.10742 -0.126862 0.0438277 1
0.991992 -0.095152 -0.083051 0.0906123 0.994264 -0.0568258 0.0879817 0.0488453 0.994924 -0.107663 -0.126955 0.0435913 1
0.992079 -0.0949531 -0.0822388 0.0904192 0.994259 -0.0572112 0.0871991 0.0493221 0.994969 -0.107811 -0.12694 0.0430453 1
0.992193 -0.094172 -0.0817563 0.0896617 0.994329 -0.0571961 0.0866789 0.0494192 0.99501 -0.108366 -0.127252 0.0428728 1
0.992306 -0.0934399 -0.0812323 0.0889536 0.994392 -0.0572035 0.0861218 0.0495375 0.995052 -0.108897 -0.127553 0.0426578 1
0.992397 -0.093065 -0.0805412 0.0885911 0.99441 -0.0574513 0.0854376 0.0498792 0.995094 -0.109175 -0.127661 0.0421848 1
0.992495 -0.0925871 -0.0798776 0.0881322 0.994442 -0.0576091 0.0847675 0.050137 0.995139 -0.10952 -0.127834 0.0417796 1
0.992658 -0.0912037 -0.0794465 0.0867936 0.994577 -0.0573049 0.084242 0.0499887 0.995191 -0.110526 -0.12847 0.0416987 1
0.992737 -0.0909733 -0.0787175 0.0865885 0.994587 -0.057437 0.0835166 0.0502038 0.995241 -0.110676 -0.12855 0.041268 1
0.992815 -0.0907808 -0.0779519 0.0864401 0.994604 -0.0573672 0.0827391 0.0502169 0.995305 -0.110784 -0.128643 0.0409483 1
0.992881 -0.0908208 -0.0770581 0.0865322 0.994601 -0.0572841 0.0818446 0.0502084 0.99538 -0.110726 -0.128657 0.0405958 1
0.992965 -0.0902649 -0.0766362 0.0860364 0.994672 -0.0567982 0.0813547 0.0498051 0.99544 -0.111084 -0.128994 0.0406695 1
0.992997 -0.0904877 -0.0759589 0.0863224 0.994667 -0.0564417 0.0806611 0.0494895 0.995512 -0.110873 -0.128969 0.0405972 1
0.993076 -0.0900927 -0.0753937 0.0860045 0.99473 -0.0558251 0.0800258 0.0489543 0.99559 -0.111113 -0.129256 0.0406881 1
0.993154 -0.0896458 -0.0748932 0.0856117 0.994784 -0.0554476 0.0794732 0.0486563 0.995649 -0.111405 -0.129535 0.0405884 1
0.99328 -0.0884068 -0.0746933 0.0844372 0.994924 -0.0547352 0.0791531 0.0480605 0.995703 -0.112296 -0.130189 0.0408131 1
0.993391 -0.0876105 -0.0741569 0.0836956 0.995008 -0.0543534 0.0785487 0.0477876 0.995764 -0.112876 -0.130612 0.0406525 1
0.993505 -0.0868321 -0.0735412 0.0829984 0.995103 -0.0536787 0.0778421 0.0472263 0.995847 -0.113454 -0.131074 0.040712 1
0.9936 -0.0862831 -0.0729014 0.0825191 0.995171 -0.0531595 0.0771361 0.0468035 0.995921 -0.113884 -0.131403 0.0406577 1
0.993694 -0.0857619 -0.0722352 0.0820789 0.995242 -0.0525029 0.0763943 0.0462429 0.996005 -0.114314 -0.131745 0.0407319 1
0.993755 -0.0856215 -0.0715499 0.0820111 0.995276 -0.0519645 0.0756612 0.0457721 0.996082 -0.114441 -0.131915 0.0407256 1
0.993809 -0.085554 -0.0708884 0.0820055 0.995298 -0.0515453 0.074965 0.0454129 0.996152 -0.114539 -0.132039 0.0406619 1
0.99388 -0.0849961 -0.0705573 0.0814888 0.995359 -0.0511851 0.0745804 0.0451222 0.996194 -0.114991 -0.132359 0.0406404 1
0.993933 -0.0847952 -0.0700434 0.0813349 0.995388 -0.0508634 0.0740334 0.0448579 0.996246 -0.115185 -0.132516 0.040554 1
0.994033 -0.0837863 -0.0698423 0.0803649 0.995488 -0.0504411 0.0737535 0.0445273 0.996282 -0.115978 -0.133028 0.0406264 1
0.994069 -0.0836462 -0.069506 0.0802554 0.995508 -0.0502279 0.0733951 0.0443517 0.996316 -0.11612 -0.133145 0.0405539 1
0.994165 -0.0826687 -0.0692944 0.0793131 0.995602 -0.0498571 0.0731112 0.0440702 0.99635 -0.116913 -0.133614 0.0406234 1
0.994187 -0.0827915 -0.0688296 0.0794629 0.995595 -0.0497709 0.072647 0.0440122 0.996386 -0.116873 -0.133583 0.0404595 1
0.994242 -0.0823328 -0.0685835 0.0790182 0.995632 -0.0497199 0.0723775 0.0440142 0.996406 -0.117287 -0.133807 0.0403102 1
0.994235 -0.0828361 -0.0680826 0.0795405 0.995588 -0.0497729 0.0719052 0.0440706 0.996437 -0.116956 -0.133586 0.0400622 1
0.994269 -0.0827385 -0.0676975 0.079463 0.995597 -0.0497287 0.0715139 0.0440643 0.996466 -0.117083 -0.13363 0.0399125 1
0.994273 -0.0832076 -0.0670632 0.0799659 0.99556 -0.0496579 0.0708974 0.0440107 0.996512 -0.116808 -0.133448 0.0397318 1
0.994389 -0.0820647 -0.0667472 0.0788462 0.995657 -0.049507 0.0705201 0.0439665 0.996541 -0.117748 -0.133931 0.0396241 1
0.994429 -0.0819593 -0.0662806 0.0787543 0.995659 -0.0496071 0.0700586 0.0441108 0.996567 -0.117908 -0.133942 0.0393594 1
0.994515 -0.0812603 -0.0658521 0.0780818 0.995718 -0.0494863 0.0695914 0.0440731 0.996602 -0.118521 -0.134226 0.0392425 1
0.99463 -0.0802359 -0.0653724 0.0770903 0.995804 -0.0493015 0.0690539 0.0439971 0.996642 -0.119409 -0.134642 0.0391367 1
0.99471 -0.0796014 -0.0649341 0.0764752 0.995852 -0.0492916 0.0685885 0.044065 0.996671 -0.119955 -0.134861 0.0389302 1
0.994772 -0.0792472 -0.0644117 0.0761294 0.995868 -0.0494999 0.0680683 0.0443375 0.996695 -0.120323 -0.134928 0.0385605 1
0.99489 -0.0783079 -0.063734 0.0752373 0.995949 -0.049234 0.0673313 0.0441872 0.996752 -0.121137 -0.135296 0.0384389 1
0.995019 -0.0772491 -0.0630111 0.0742277 0.996039 -0.0489621 0.0665437 0.044041 0.996811 -0.122071 -0.135723 0.0382908 1
0.99509 -0.0770882 -0.0620789 0.0740981 0.996041 -0.0491098 0.0656189 0.0442688 0.996862 -0.122302 -0.135711 0.0378015 1
0.995227 -0.0760957 -0.061095 0.0731497 0.996112 -0.0490915 0.0645931 0.0443881 0.996924 -0.123205 -0.136064 0.0373698 1
0.995376 -0.0751886 -0.0597827 0.0723112 0.996182 -0.0489232 0.0632329 0.044374 0.997012 -0.124048 -0.136411 0.0369297 1
0.99554 -0.0737819 -0.0587841 0.0709599 0.996288 -0.0487307 0.0621613 0.0443421 0.997081 -0.12523 -0.136957 0.0366165 1
0.995652 -0.0732059 -0.0576032 0.0704247 0.996317 -0.0489165 0.060972 0.0446471 0.99714 -0.125774 -0.137106 0.0359846 1
0.995806 -0.0719382 -0.0565203 0.0692176 0.996412 -0.0487038 0.0598212 0.0445874 0.997213 -0.126834 -0.137605 0.0356544 1
0.995973 -0.0703643 -0.0555624 0.0677087 0.996535 -0.048315 0.0587695 0.0443584 0.997286 -0.128105 -0.138256 0.0354865 1
0.996085 -0.0695389 -0.0545847 0.0669464 0.996603 -0.0479695 0.057735 0.0441275 0.997356 -0.128774 -0.138597 0.0353086 1
0.99621 -0.0686685 -0.0533918 0.0661335 0.996661 -0.0478796 0.0565013 0.0441672 0.997425 -0.129517 -0.138935 0.0348331 1
0.996388 -0.0669057 -0.0522864 0.0644419 0.996792 -0.0474675 0.0552945 0.0439266 0.997503 -0.13093 -0.139671 0.0345949 1
0.996552 -0.065341 -0.0511325 0.0629407 0.996899 -0.0472259 0.0540597 0.0438448 0.997575 -0.13219 -0.140302 0.0342128 1
0.9967 -0.0640571 -0.0498583 0.0617148 0.996978 -0.0471816 0.0527299 0.0439489 0.997641 -0.133251 -0.140803 0.0336545 1
0.996862 -0.0624469 -0.0486479 0.060156 0.997072 -0.0472126 0.0514537 0.044138 0.9977 -0.134579 -0.141418 0.0330516 1
0.997034 -0.0606802 -0.0473337 0.0584553 0.997181 -0.0470526 0.0500554 0.0441461 0.99777 -0.13604 -0.142086 0.0325574 1
0.997179 -0.0593735 -0.0459213 0.0572104 0.997252 -0.0470661 0.0485896 0.0443062 0.997836 -0.137168 -0.142566 0.031906 1
0.997332 -0.0579422 -0.0444035 0.0558526 0.997335 -0.0469389 0.0470049 0.0443337 0.99791 -0.138424 -0.143112 0.0313102 1
0.997486 -0.0564428 -0.0428509 0.0544342 0.997426 -0.0466777 0.0453752 0.0442278 0.99799 -0.139758 -0.143686 0.0307803 1
0.997639 -0.0548918 -0.041281 0.0529763 0.997529 -0.0461472 0.0437121 0.0438513 0.998081 -0.141157 -0.144324 0.0304334 1
0.997763 -0.0537819 -0.0397061 0.0519587 0.997607 -0.0456036 0.0420637 0.0434385 0.99817 -0.142248 -0.144802 0.0300887 1
0.997886 -0.0525698 -0.0382063 0.0508426 0.997699 -0.0448529 0.0404763 0.0428156 0.998263 -0.143466 -0.145328 0.0299066 1
0.997994 -0.0515437 -0.0367706 0.049909 0.997781 -0.0440688 0.0389605 0.0421452 0.998352 -0.144593 -0.145775 0.029773 1
0.998068 -0.0511343 -0.0352924 0.0495985 0.997839 -0.0431015 0.0374201 0.0412678 0.998447 -0.14528 -0.14597 0.0297801 1
0.998165 -0.0501068 -0.0339909 0.0486711 0.997939 -0.0418268 0.0360167 0.0400956 0.998547 -0.146517 -0.146439 0.0300644 1
0.998214 -0.0499854 -0.0327133 0.048638 0.997984 -0.040766 0.034685 0.039102 0.998633 -0.147099 -0.146508 0.0302339 1
0.998232 -0.0504489 -0.031434 0.0491829 0.997996 -0.0398246 0.0333801 0.0382082 0.998712 -0.147273 -0.146299 0.03035 1
0.998215 -0.0516289 -0.0300334 0.0504449 0.997968 -0.0389278 0.0319822 0.0373433 0.998791 -0.146939 -0.145772 0.0304168 1
0.998198 -0.0527447 -0.0286279 0.0516405 0.997941 -0.0380299 0.0305749 0.036483 0.998866 -0.146685 -0.145265 0.0305093 1
0.998154 -0.0543577 -0.0271046 0.0533277 0.997877 -0.0373779 0.0290788 0.0358635 0.998934 -0.146048 -0.1445 0.0303927 1
0.998079 -0.0565236 -0.0253797 0.055568 0.997773 -0.036899 0.0274089 0.0354178 0.998997 -0.144966 -0.143463 0.0300931 1
0.998052 -0.0577766 -0.0235224 0.0569055 0.997725 -0.0361542 0.0255577 0.0347453 0.999069 -0.144564 -0.142822 0.0299154 1
0.998032 -0.0588685 -0.0216029 0.0580809 0.997683 -0.0354343 0.0236388 0.0341098 0.999138 -0.144216 -0.142248 0.0296784 1
0.998071 -0.0589273 -0.019518 0.0582279 0.997702 -0.0346453 0.0215147 0.033442 0.999209 -0.144616 -0.142087 0.0293793 1
0.998096 -0.0592815 -0.017042 0.0586765 0.997696 -0.0340459 0.019021 0.0329811 0.999275 -0.144711 -0.141781 0.0287705 1
0.998263 -0.0570503 -0.0147157 0.0565424 0.997858 -0.0328883 0.0165604 0.0319991 0.999351 -0.146715 -0.142602 0.0285759 1
0.998443 -0.0544595 -0.012058 0.0540511 0.998027 -0.0319375 0.0137735 0.031236 0.999417 -0.14895 -0.143518 0.0280763 1
0.998657 -0.051006 -0.00906955 0.0507049 0.998239 -0.0307938 0.0106242 0.0302926 0.999485 -0.151835 -0.144798 0.027572 1
0.998858 -0.0474249 -0.00581117 0.047232 0.998441 -0.0297537 0.00721317 0.0294452 0.99954 -0.154821 -0.146111 0.0268876 1
0.999073 -0.0429784 -0.00237155 0.0428935 0.998673 -0.0285156 0.00359395 0.0283875 0.999591 -0.158528 -0.147787 0.026284 1
0.999253 -0.0386151 0.00135022 0.0386376 0.99888 -0.0273132 -0.000294003 0.0273449 0.999626 -0.162245 -0.149419 0.0255483 1
0.999387 -0.0345771 0.00545291 0.0347077 0.999059 -0.0260273 -0.00454783 0.0262006 0.999646 -0.165836 -0.150954 0.0247504 1
0.999509 -0.0297991 0.00973234 0.0300307 0.999246 -0.0245886 -0.00899229 0.0248687 0.99965 -0.17011 -0.152789 0.0240472 1
0.999566 -0.0256301 0.0145369 0.0259635 0.999393 -0.0232331 -0.0139326 0.0236005 0.999624 -0.174077 -0.154397 0.023114 1
0.999529 -0.0231479 0.0201518 0.023585 0.999486 -0.0217289 -0.0196384 0.022194 0.999561 -0.176892 -0.155429 0.0220135 1
0.99941 -0.0218106 0.0265381 0.0223528 0.999544 -0.0203085 -0.026083 0.0208897 0.999441 -0.17903 -0.156045 0.0205746 1
0.999229 -0.0204265 0.0335414 0.0210618 0.999603 -0.0186999 -0.0331462 0.0193919 0.999262 -0.181427 -0.156749 0.0190929 1
0.998971 -0.0192854 0.0410526 0.0200059 0.999652 -0.0172143 -0.0407063 0.0180179 0.999009 -0.183872 -0.157399 0.0173404 1
0.998624 -0.0186848 0.0489947 0.0194682 0.999689 -0.01556 -0.0486887 0.0164925 0.998678 -0.186074 -0.157905 0.0155412 1
0.998222 -0.0175378 0.0569593 0.0183667 0.999732 -0.0140619 -0.0566974 0.015083 0.998277 -0.188876 -0.158618 0.013652 1
0.997756 -0.0159862 0.0650178 0.0168373 0.999779 -0.0125627 -0.0648026 0.0136292 0.997805 -0.192146 -0.159515 0.0117789 1
0.997228 -0.0154085 0.072793 0.0162591 0.999806 -0.011107 -0.0726078 0.0122598 0.997285 -0.194678 -0.16008 0.00991353 1
0.996637 -0.0152784 0.0805062 0.0161012 0.999824 -0.00958054 -0.0803457 0.0108446 0.996708 -0.196914 -0.160499 0.00809863 1
0.99604 -0.0147627 0.0876741 0.0155181 0.999848 -0.00794127 -0.0875435 0.00927036 0.996118 -0.199443 -0.161123 0.00661397 1
0.995428 -0.0141266 0.0944681 0.0147829 0.999871 -0.00625191 -0.0943676 0.00761984 0.995508 -0.202068 -0.161806 0.00532175 1
0.994807 -0.0138982 0.100828 0.0144222 0.999886 -0.00446982 -0.100754 0.00590076 0.994894 -0.204297 -0.162355 0.00423488 1
0.994192 -0.0131109 0.106817 0.0134894 0.999905 -0.00282216 -0.10677 0.00424668 0.994275 -0.206958 -0.163097 0.00324671 1
0.993601 -0.0119069 0.112314 0.0121086 0.999926 -0.00111424 -0.112292 0.00246707 0.993672 -0.209871 -0.163978 0.00255842 1
0.993006 -0.0106946 0.117578 0.0107436 0.999942 0.000217678 -0.117574 0.00104705 0.993064 -0.212766 -0.164762 0.00170001 1
0.992428 -0.00916391 0.122486 0.0090406 0.999958 0.00156245 -0.122495 -0.000443273 0.992469 -0.215875 -0.165663 0.00105471 1
0.991857 -0.00758839 0.127133 0.00730394 0.99997 0.00270349 -0.12715 -0.0017529 0.991882 -0.219011 -0.166515 0.000396411 1
0.991278 -0.00604289 0.131648 0.00560611 0.999977 0.0036882 -0.131667 -0.002918 0.99129 -0.222128 -0.167301 -0.000276075 1
0.990698 -0.00518494 0.13598 0.00464902 0.99998 0.00425849 -0.135999 -0.0035867 0.990702 -0.224714 -0.16777 -0.00124085 1
0.990139 -0.003872 0.140036 0.00319771 0.999982 0.0050398 -0.140053 -0.00454231 0.990134 -0.227677 -0.168408 -0.00186164 1
0.989565 -0.00275831 0.144061 0.00198838 0.999983 0.00548812 -0.144074 -0.0051444 0.989554 -0.230538 -0.168901 -0.0027251 1
0.989052 -0.00205277 0.14755 0.00119643 0.999982 0.00589226 -0.147559 -0.00565122 0.989037 -0.233069 -0.169239 -0.00347101 1
0.988593 -0.00189232 0.150597 0.000948897 0.999979 0.00633615 -0.150606 -0.00612098 0.988575 -0.235147 -0.169403 -0.00409123 1
0.988211 -0.00216801 0.153085 0.0011539 0.999977 0.00671301 -0.153096 -0.00645722 0.98819 -0.236845 -0.169401 -0.00464839 1
0.987923 -0.00479505 0.154872 0.00375475 0.999968 0.00700899 -0.154901 -0.00634284 0.98791 -0.236611 -0.168609 -0.00533704 1
0.987784 -0.00736734 0.155653 0.00624427 0.999951 0.00770295 -0.155702 -0.00663692 0.987782 -0.236247 -0.167908 -0.0053952 1
0.987672 -0.0106607 0.156174 0.00945945 0.99992 0.00843307 -0.156252 -0.00685178 0.987694 -0.235282 -0.167013 -0.00543865 1
0.987643 -0.0141958 0.156073 0.0129108 0.999874 0.00924367 -0.156185 -0.00711442 0.987702 -0.233976 -0.166075 -0.00527834 1
0.987663 -0.0180716 0.155548 0.0166869 0.999809 0.0102033 -0.155702 -0.00748183 0.987776 -0.232281 -0.165108 -0.00490285 1
0.987744 -0.0201621 0.154777 0.0186447 0.999763 0.0112489 -0.154967 -0.00822524 0.987885 -0.231874 -0.164854 -0.00415518 1
0.987781 -0.0235388 0.154063 0.0220273 0.999691 0.0115111 -0.154287 -0.00797687 0.987994 -0.230352 -0.164059 -0.00418463 1
0.987913 -0.0249326 0.152993 0.0234351 0.999658 0.0115836 -0.15323 -0.00785815 0.988159 -0.230219 -0.164018 -0.0039643 1
0.988019 -0.0263125 0.152071 0.0248762 0.999626 0.0113398 -0.152313 -0.00742094 0.988304 -0.230024 -0.163992 -0.00402212 1
0.988126 -0.0269452 0.151264 0.0255989 0.999614 0.0108412 -0.151498 -0.00684026 0.988434 -0.230316 -0.164237 -0.00418531 1
0.988181 -0.027954 0.150719 0.0267998 0.999594 0.00968379 -0.150928 -0.0055301 0.988529 -0.230253 -0.164274 -0.00495921 1
0.988268 -0.0280325 0.150133 0.027057 0.999597 0.00853657 -0.150312 -0.00437426 0.988629 -0.230828 -0.16469 -0.00554962 1
0.988312 -0.0292565 0.149612 0.0285374 0.999569 0.00695201 -0.149751 -0.00260122 0.98872 -0.230442 -0.164622 -0.00659798 1
0.988404 -0.0292373 0.149007 0.0288013 0.999572 0.00508341 -0.149092 -0.000732848 0.988823 -0.230961 -0.164973 -0.00763406 1
0.988517 -0.0298858 0.148122 0.0298125 0.999552 0.00271576 -0.148137 0.00173132 0.988965 -0.23087 -0.164959 -0.00899718 1
0.988697 -0.030343 0.146823 0.0306364 0.999531 0.000263294 -0.146762 0.00423782 0.989163 -0.230815 -0.164942 -0.0102238 1
0.988928 -0.0311582 0.145085 0.0318508 0.99949 -0.00245298 -0.144935 0.0070469 0.989416 -0.230398 -0.164705 -0.0115311 1
