NO_OF_FRAMES	30812
FREQUENCY	100
DATA_INCLUDED	6DOF(row-major-order)
ORDER	R11 R12 R13 R21 R22 R23 R31 R32 R33 Tx Ty Tz RMS
SOURCE_FILE	/afs/inf.ed.ac.uk/group/cstr/projects/galatea/DB/MotionCapture/Recordings_October_2014/Markers/Beve/CSTR/Beve_01_n.tsv.gz,Head/Beve_01_n.dof.gz
RIGID_BODY_MARKERS	 1 2 3 4
PROGRAM_NAME	EstimateRigidBodyWithSegment,nm-head-orientation
REFERENCE_FRAME	3
SEGMENT_HALF_WIDTH	2
SEGMENT_WINDOW_TYPE	rectangle
REFERENCE_MARKER_1	-0.242965 0.776728 0.0321574
REFERENCE_MARKER_2	-0.217366 0.818767 0.177932
REFERENCE_MARKER_3	-0.192294 0.793893 0.109802
REFERENCE_MARKER_4	-0.250157 0.774715 0.246679
REFERENCE_CENTRE	-0.225695 0.791026 0.141643
NOTES	Normalised_Head_Orientation
END_OF_HEADER
0.996888 -0.0780302 0.0111626 0.0777067 0.996612 0.0269597 -0.0132284 -0.0260084 0.999574 0 0 0 1
0.996888 -0.0780302 0.0111626 0.0777067 0.996612 0.0269597 -0.0132284 -0.0260084 0.999574 0 0 0 1
0.996888 -0.0780302 0.0111626 0.0777067 0.996612 0.0269597 -0.0132284 -0.0260084 0.999574 1.01174e-15 -4.77743e-16 1.58688e-18 1
0.996921 -0.077638 0.0110123 0.0773227 0.99665 0.0266289 -0.0130429 -0.0256954 0.999585 -0.000300458 -5.31585e-05 -0.000199116 1
0.996962 -0.0771394 0.0107608 0.0768356 0.996698 0.0262555 -0.0127506 -0.0253489 0.999597 -0.000664024 -0.000129366 -0.000399953 1
0.9969 -0.0779476 0.0107129 0.0776422 0.99663 0.0264542 -0.0127389 -0.0255404 0.999593 -2.42625e-05 7.80811e-05 -0.000219627 1
0.996835 -0.078734 0.0110093 0.0784182 0.996564 0.0266564 -0.0130702 -0.0257087 0.999584 0.000543297 0.000255301 -0.00012601 1
0.996727 -0.0800665 0.0111337 0.079744 0.996453 0.0268928 -0.0132474 -0.0259169 0.999576 0.00157242 0.000592848 2.90311e-05 1
0.996572 -0.0819385 0.0114201 0.0816015 0.996289 0.0273807 -0.0136212 -0.026355 0.99956 0.00301142 0.00104097 0.000325097 1
0.996411 -0.0838241 0.0117449 0.0834685 0.996115 0.0280557 -0.014051 -0.0269747 0.999537 0.00445221 0.00147557 0.000755243 1
0.996335 -0.0847019 0.011902 0.0843382 0.996035 0.0283078 -0.0142526 -0.0272003 0.999528 0.00513319 0.00169307 0.000908102 1
0.996186 -0.0864169 0.0120343 0.0860434 0.995878 0.0286979 -0.0144647 -0.027553 0.999516 0.00647546 0.00212921 0.00116108 1
0.996195 -0.0863047 0.0121551 0.0859288 0.99589 0.0286408 -0.014577 -0.0274873 0.999516 0.00637063 0.00211181 0.00109229 1
0.996159 -0.0866995 0.0122553 0.0863154 0.995846 0.0290026 -0.0147189 -0.0278333 0.999504 0.00667002 0.00217522 0.00134673 1
0.996147 -0.086803 0.0124715 0.0864127 0.995837 0.0290139 -0.014938 -0.0278244 0.999501 0.00672466 0.00219798 0.00129666 1
0.99617 -0.0865409 0.0125031 0.0861509 0.995862 0.0289398 -0.0149558 -0.0277518 0.999503 0.00651508 0.00213247 0.00123509 1
0.996176 -0.0864645 0.0125704 0.086069 0.995862 0.0291837 -0.0150417 -0.0279901 0.999495 0.00645061 0.00207708 0.00141212 1
0.996168 -0.0865178 0.0127814 0.086116 0.995857 0.0292097 -0.0152556 -0.0279971 0.999492 0.00647679 0.00208141 0.00137742 1
0.996171 -0.0864831 0.0128442 0.0860804 0.995862 0.0291519 -0.0153122 -0.0279346 0.999492 0.00645855 0.00207793 0.00132548 1
0.99618 -0.0863589 0.0129167 0.0859571 0.995878 0.0289618 -0.0153646 -0.0277409 0.999497 0.00636977 0.00206725 0.0011718 1
0.996118 -0.0870287 0.013218 0.0866165 0.995817 0.0290866 -0.0156941 -0.0278288 0.999489 0.00687366 0.00222575 0.00119385 1
0.996138 -0.086778 0.0133763 0.0863667 0.995848 0.028755 -0.0158161 -0.0274887 0.999497 0.00668155 0.00219283 0.000909616 1
0.996094 -0.0872901 0.013339 0.0868777 0.9958 0.0288794 -0.0158039 -0.0276077 0.999494 0.00712024 0.00231925 0.00102541 1
0.996151 -0.0866293 0.0133813 0.0862229 0.99587 0.0284413 -0.0157898 -0.027178 0.999506 0.00661959 0.00218993 0.000697971 1
0.996133 -0.0868173 0.0135185 0.0864029 0.995847 0.0287034 -0.0159543 -0.0274243 0.999497 0.00678082 0.00219821 0.000870986 1
0.996203 -0.0860293 0.0133952 0.085623 0.995922 0.0284143 -0.015785 -0.0271594 0.999506 0.00620201 0.00201745 0.0007045 1
0.996213 -0.0859242 0.0133149 0.0855213 0.995933 0.028337 -0.0156956 -0.027091 0.99951 0.00615285 0.00200117 0.000683506 1
0.996219 -0.0858394 0.013357 0.0854353 0.99594 0.0283444 -0.0157358 -0.0270961 0.999509 0.00609817 0.00197515 0.000692926 1
0.996206 -0.0860032 0.0133379 0.0855987 0.995925 0.0284025 -0.0157262 -0.027153 0.999508 0.00624319 0.00201276 0.000752495 1
0.996228 -0.085779 0.0131173 0.0853822 0.995946 0.028297 -0.0154914 -0.0270703 0.999513 0.00610457 0.00197099 0.000748913 1
0.996211 -0.0859757 0.0130752 0.0855784 0.995927 0.0283987 -0.0154635 -0.0271722 0.999511 0.00628028 0.00200918 0.000844839 1
0.996265 -0.085366 0.0129662 0.0849733 0.995981 0.0283057 -0.0153304 -0.0270982 0.999515 0.00582542 0.00185022 0.000817034 1
0.996282 -0.0851823 0.0129156 0.0847895 0.995994 0.0284072 -0.0152837 -0.0272065 0.999513 0.00570467 0.00178189 0.000912761 1
0.996342 -0.0844933 0.0127582 0.0841076 0.996057 0.0282297 -0.0150931 -0.0270533 0.99952 0.0051942 0.00161255 0.000828188 1
0.996437 -0.0834024 0.0125613 0.083025 0.996153 0.0280489 -0.0148523 -0.026906 0.999528 0.00437307 0.00133479 0.000757458 1
0.996511 -0.0825334 0.012424 0.0821606 0.996226 0.0280021 -0.0146882 -0.0268837 0.999531 0.00371292 0.00110106 0.000769705 1
0.996515 -0.0824789 0.0124292 0.0821057 0.99623 0.0280207 -0.0146935 -0.0269025 0.99953 0.00367217 0.00107687 0.000780302 1
0.996521 -0.0824226 0.0123258 0.0820526 0.996235 0.0279975 -0.0145871 -0.0268888 0.999532 0.00363787 0.0010602 0.000790638 1
0.996565 -0.0819146 0.0121872 0.0815467 0.996273 0.0281152 -0.0144448 -0.0270248 0.99953 0.00325932 0.000904701 0.000925786 1
0.996504 -0.0826334 0.0122736 0.0822616 0.996211 0.028214 -0.0145585 -0.0271057 0.999527 0.00380974 0.00108031 0.000964229 1
0.99649 -0.0827815 0.012472 0.0824053 0.996201 0.0281492 -0.0147549 -0.0270226 0.999526 0.00389007 0.00111481 0.000853518 1
0.996451 -0.0832261 0.0125727 0.0828439 0.996159 0.0283556 -0.0148844 -0.0272134 0.999519 0.0042215 0.00120095 0.000971684 1
0.996463 -0.0830677 0.0126946 0.0826859 0.996179 0.0281116 -0.0149812 -0.0269625 0.999524 0.00406077 0.00117569 0.000742735 1
0.996396 -0.0838302 0.0129201 0.0834422 0.996116 0.0281051 -0.015226 -0.0269258 0.999521 0.00460658 0.00138222 0.000655169 1
0.996407 -0.0836714 0.013109 0.0832811 0.996135 0.0279266 -0.015395 -0.0267346 0.999524 0.00442764 0.00135972 0.000457884 1
0.996369 -0.0841116 0.0132175 0.0837181 0.996098 0.0279403 -0.015516 -0.0267323 0.999522 0.0047282 0.00148393 0.000419456 1
0.996365 -0.0841422 0.0133198 0.0837468 0.996097 0.0278822 -0.0156139 -0.0266653 0.999522 0.00470347 0.00150271 0.000335193 1
0.996365 -0.0841171 0.0134713 0.0837161 0.996097 0.0279851 -0.0157728 -0.0267556 0.999518 0.00463443 0.00148919 0.000359369 1
0.99637 -0.0840456 0.013568 0.0836415 0.996102 0.0280185 -0.0158699 -0.0267819 0.999515 0.00453554 0.00146782 0.000343946 1
0.99628 -0.0850701 0.0137818 0.0846506 0.996 0.0286018 -0.0161598 -0.0273288 0.999496 0.00528939 0.0016731 0.000704681 1
0.996225 -0.0856785 0.0139447 0.0852473 0.995937 0.0290375 -0.0163759 -0.0277391 0.999481 0.00572692 0.00178415 0.000972457 1
0.996258 -0.0852933 0.0139728 0.084862 0.995971 0.0289977 -0.0163898 -0.0277034 0.999482 0.00539732 0.00169 0.000923593 1
0.996315 -0.0846768 0.0136747 0.0842511 0.996017 0.0291736 -0.0160905 -0.027914 0.999481 0.0049442 0.00150863 0.00113669 1
0.996332 -0.0844455 0.0138575 0.0840137 0.996036 0.0292383 -0.0162716 -0.0279668 0.999476 0.00472729 0.00142809 0.00112399 1
0.996458 -0.0829852 0.0135967 0.0825655 0.996165 0.0289687 -0.0159485 -0.0277434 0.999488 0.00360532 0.00107184 0.000995213 1
0.99658 -0.0815988 0.0130574 0.0811982 0.996284 0.0287247 -0.0153528 -0.0275662 0.999502 0.00257813 0.000739303 0.000955357 1
0.996601 -0.0813194 0.0131415 0.0809153 0.996305 0.0288039 -0.0154352 -0.0276426 0.999499 0.00233916 0.000654785 0.000983955 1
0.996664 -0.0805581 0.0130819 0.0801601 0.996373 0.0285345 -0.0153331 -0.0273906 0.999507 0.00173364 0.000480006 0.000783141 1
0.996772 -0.0792788 0.0126555 0.0788966 0.996481 0.0282848 -0.0148534 -0.027195 0.99952 0.0007707 0.000176417 0.000704117 1
0.996802 -0.0788881 0.0127492 0.0785061 0.996517 0.0281063 -0.0149221 -0.0270155 0.999524 0.000432083 8.99986e-05 0.000527125 1
0.996822 -0.0785734 0.0131076 0.0781848 0.996548 0.0279105 -0.0152554 -0.026797 0.999524 0.000115843 2.31219e-05 0.000266529 1
0.99686 -0.0781297 0.0128841 0.0777507 0.996589 0.0276789 -0.0150027 -0.0265902 0.999534 -0.000223862 -5.52473e-05 0.000135643 1
0.996829 -0.0784671 0.0132157 0.0780787 0.996562 0.0277098 -0.0153446 -0.02659 0.999529 -2.36929e-05 3.42587e-05 5.12999e-05 1
0.996796 -0.0788417 0.0134656 0.0784449 0.99653 0.0278193 -0.0156122 -0.0266739 0.999522 0.000221249 0.00012354 5.25531e-05 1
0.996819 -0.0785802 0.0133383 0.0781881 0.996553 0.0277352 -0.0154717 -0.0266041 0.999526 2.04852e-05 7.36591e-05 1.48813e-05 1
0.996882 -0.0778334 0.0129802 0.0774548 0.996617 0.0274833 -0.0150754 -0.0263922 0.999538 -0.000529136 -9.2486e-05 -8.19524e-05 1
0.996959 -0.0768896 0.0126876 0.0765221 0.996695 0.0272765 -0.014743 -0.0262227 0.999547 -0.00124246 -0.000327236 -0.000158349 1
0.996975 -0.0767236 0.012442 0.0763616 0.996705 0.0273398 -0.0144986 -0.026307 0.999549 -0.00134556 -0.00036911 -4.54382e-05 1
0.996928 -0.0773308 0.0124279 0.0769655 0.996652 0.0275871 -0.0145196 -0.0265458 0.999542 -0.000870324 -0.000221079 0.000142064 1
0.996913 -0.0775095 0.0124875 0.0771422 0.996638 0.0276114 -0.0145857 -0.0265628 0.999541 -0.000751847 -0.000170453 0.000135207 1
0.996793 -0.0789502 0.0130469 0.0785601 0.996513 0.0281073 -0.0152205 -0.0269922 0.99952 0.000302225 0.000166525 0.000346691 1
0.996803 -0.0788461 0.0129532 0.0784561 0.996517 0.0282731 -0.0151373 -0.0271664 0.999516 0.00023569 0.000132077 0.000489081 1
0.9968 -0.0788511 0.0130939 0.0784576 0.996517 0.0282499 -0.0152758 -0.0271322 0.999515 0.000210189 0.000134716 0.000422715 1
0.996872 -0.0779607 0.0130007 0.0775741 0.996594 0.0279822 -0.0151379 -0.0268862 0.999524 -0.000488269 -8.00146e-05 0.000236981 1
0.996968 -0.0767816 0.0126353 0.0764088 0.996691 0.0277296 -0.0147226 -0.0266801 0.999536 -0.00135698 -0.000359243 0.000137323 1
0.997071 -0.0755032 0.0121795 0.0751474 0.996795 0.0274208 -0.0142108 -0.0264252 0.99955 -0.00230648 -0.000659738 2.0041e-05 1
0.996994 -0.0764664 0.0125197 0.0760997 0.99672 0.0275347 -0.0145841 -0.0264991 0.999542 -0.00160151 -0.000407077 -3.50008e-06 1
0.99704 -0.0758681 0.0124783 0.0755046 0.996769 0.0274013 -0.0145169 -0.026378 0.999547 -0.00205594 -0.000549259 -0.00010013 1
0.997019 -0.076128 0.0125716 0.0757611 0.996748 0.0274575 -0.014621 -0.0264233 0.999544 -0.001862 -0.000483024 -9.51197e-05 1
0.996986 -0.0765537 0.0126167 0.0761833 0.996712 0.0276087 -0.0146887 -0.0265643 0.999539 -0.00153788 -0.000386578 -8.36669e-07 1
0.996933 -0.0772075 0.0127527 0.0768317 0.996659 0.0277199 -0.0148503 -0.0266551 0.999534 -0.0010392 -0.000217974 3.12776e-05 1
0.996999 -0.0764134 0.0124239 0.0760498 0.996725 0.0274929 -0.014484 -0.0264655 0.999545 -0.00161562 -0.000405146 -5.76379e-05 1
0.996986 -0.0765915 0.0123619 0.0762276 0.996708 0.0276247 -0.014437 -0.0265991 0.999542 -0.0014701 -0.000368385 4.47056e-05 1
0.996992 -0.0765292 0.0122939 0.0761664 0.996711 0.0276728 -0.0143713 -0.0266532 0.999541 -0.00150082 -0.000388569 8.96089e-05 1
0.996935 -0.0772043 0.0126488 0.0768294 0.996655 0.0278455 -0.0147563 -0.0267883 0.999532 -0.00101354 -0.000229809 0.000111012 1
0.996932 -0.0772193 0.0127894 0.0768403 0.996654 0.0278663 -0.0148985 -0.026798 0.99953 -0.00101139 -0.000231136 7.9613e-05 1
0.996895 -0.0776317 0.0131822 0.0772391 0.996618 0.0280572 -0.0153158 -0.0269519 0.999519 -0.000729376 -0.000149165 0.000109983 1
0.996868 -0.0779405 0.0133867 0.0775431 0.996596 0.0280055 -0.0155239 -0.0268798 0.999518 -0.000506727 -6.39678e-05 9.36585e-06 1
0.996888 -0.0776899 0.0133415 0.0772967 0.99662 0.0278121 -0.0154572 -0.0266943 0.999524 -0.000686885 -0.00010509 -0.000127998 1
0.996893 -0.0776308 0.0133163 0.077239 0.996626 0.027776 -0.0154276 -0.0266611 0.999525 -0.000715579 -0.000115882 -0.000150228 1
0.996938 -0.0770833 0.0131668 0.0766977 0.996671 0.0276399 -0.0152536 -0.0265454 0.999531 -0.00110855 -0.000247578 -0.000208418 1
0.996935 -0.0771052 0.0132495 0.0767174 0.99667 0.0276375 -0.0153363 -0.0265363 0.99953 -0.00109277 -0.000250251 -0.000228634 1
0.996963 -0.0767895 0.0129951 0.076411 0.996698 0.0274718 -0.0150618 -0.0263954 0.999538 -0.00129206 -0.000305581 -0.000283822 1
0.996951 -0.0769339 0.0130021 0.076554 0.996685 0.0275494 -0.0150785 -0.02647 0.999536 -0.00116473 -0.000279491 -0.000223046 1
0.997005 -0.0762853 0.0127132 0.0759144 0.996736 0.0274726 -0.0147675 -0.0264252 0.999542 -0.00161556 -0.000445264 -0.000190149 1
0.996999 -0.0763767 0.0126487 0.0760068 0.996727 0.0275184 -0.0147091 -0.0264745 0.999541 -0.00152703 -0.000427883 -0.000133625 1
0.997009 -0.0762931 0.012329 0.0759327 0.996735 0.0274501 -0.014383 -0.0264318 0.999547 -0.0015285 -0.000428964 -9.60121e-05 1
0.996985 -0.0766316 0.0122091 0.076271 0.996703 0.0276727 -0.0142894 -0.0266581 0.999542 -0.00122805 -0.000368172 0.000114166 1
0.996983 -0.0766849 0.0120196 0.0763293 0.996699 0.0276746 -0.0141021 -0.0266737 0.999545 -0.00115186 -0.000346711 0.000168575 1
0.99691 -0.0776077 0.0121513 0.0772467 0.996625 0.0277925 -0.0142672 -0.026768 0.99954 -0.000441308 -0.000108094 0.000217201 1
0.996895 -0.0778119 0.0121029 0.0774501 0.996605 0.027935 -0.0142355 -0.0269109 0.999536 -0.000264642 -7.81441e-05 0.000342358 1
0.996861 -0.0782352 0.0121447 0.0778681 0.996564 0.028214 -0.0143103 -0.0271798 0.999528 6.4848e-05 -5.56065e-06 0.000543274 1
0.996845 -0.0784332 0.0121711 0.0780635 0.996545 0.0283515 -0.0143527 -0.0273119 0.999524 0.000225694 2.76927e-05 0.000640985 1
0.996804 -0.0789263 0.0123541 0.0785476 0.9965 0.0286177 -0.0145695 -0.0275558 0.999514 0.000600114 0.000117783 0.000794548 1
0.996815 -0.0787835 0.0123406 0.0784039 0.996508 0.0287004 -0.0145586 -0.0276414 0.999512 0.000501844 5.6404e-05 0.000865769 1
0.996767 -0.079365 0.0125467 0.0789782 0.99646 0.0287947 -0.0147876 -0.0277106 0.999507 0.000942149 0.000202049 0.000882146 1
0.996718 -0.0799606 0.0126564 0.0795694 0.996411 0.0288684 -0.0149194 -0.0277666 0.999503 0.00141241 0.000357054 0.000917225 1
0.996667 -0.0805422 0.0129686 0.0801409 0.996363 0.0289496 -0.0152531 -0.0278138 0.999497 0.00184294 0.000497622 0.000904104 1
0.996669 -0.0805182 0.0129743 0.0801195 0.99637 0.028773 -0.0152439 -0.0276377 0.999502 0.00183848 0.000512576 0.000786921 1
0.996724 -0.0798592 0.0128136 0.0794723 0.996435 0.0283009 -0.015028 -0.0271899 0.999517 0.00135579 0.000395503 0.000494983 1
0.996737 -0.0796897 0.0128216 0.0793039 0.996451 0.0282144 -0.0150245 -0.0271056 0.99952 0.00124783 0.000352262 0.000454661 1
0.996796 -0.078954 0.0128172 0.0785743 0.99652 0.0278241 -0.0149694 -0.0267278 0.999531 0.000691009 0.000189791 0.000185573 1
0.996918 -0.0774617 0.012411 0.0771004 0.996648 0.0273396 -0.0144871 -0.0262985 0.999549 -0.000400144 -0.000160263 -3.79225e-05 1
0.996974 -0.0767592 0.0122474 0.0764087 0.996714 0.0269004 -0.014272 -0.0258832 0.999563 -0.000899242 -0.000298449 -0.000299765 1
0.996927 -0.0773342 0.0124495 0.0769744 0.996663 0.0271682 -0.014509 -0.0261264 0.999553 -0.000439493 -0.000192724 -0.000120231 1
0.996951 -0.0770833 0.0121159 0.0767367 0.99669 0.0268587 -0.0141461 -0.0258471 0.999566 -0.000568577 -0.000211862 -0.000238514 1
0.996944 -0.0771915 0.0120444 0.0768473 0.996682 0.0268195 -0.0140747 -0.025812 0.999568 -0.000454294 -0.000180692 -0.000219161 1
0.99688 -0.0779823 0.0122283 0.0776324 0.99662 0.0268719 -0.0142825 -0.0258388 0.999564 0.000151116 2.63811e-05 -0.000209228 1
0.996875 -0.0780686 0.0120565 0.0777225 0.996612 0.0269155 -0.0141169 -0.0258943 0.999565 0.00024712 4.20365e-05 -0.000104931 1
0.996911 -0.077678 0.0116394 0.0773474 0.99665 0.0265765 -0.0136648 -0.0255941 0.999579 -6.10803e-06 -1.23666e-05 -0.000233253 1
0.99691 -0.0776732 0.0116851 0.0773399 0.996647 0.0266904 -0.013719 -0.0257042 0.999575 -1.61827e-05 -4.42813e-05 -0.000138108 1
0.996902 -0.077808 0.0114959 0.077479 0.996636 0.0267252 -0.0135366 -0.0257517 0.999577 0.000117069 -1.0325e-05 -4.95035e-05 1
0.996902 -0.0778197 0.011424 0.0774925 0.996635 0.0267316 -0.0134658 -0.0257635 0.999577 0.000133261 -1.79487e-05 -1.29867e-05 1
0.996872 -0.0781868 0.0115166 0.0778528 0.996598 0.0270466 -0.0135921 -0.0260654 0.999568 0.00041199 2.77136e-05 0.000212362 1
0.996855 -0.0784125 0.0115096 0.0780751 0.996573 0.027308 -0.0136115 -0.0263235 0.999561 0.000598239 3.67126e-05 0.000420589 1
0.996815 -0.0788971 0.0115986 0.0785545 0.99653 0.0275028 -0.0137282 -0.0265041 0.999554 0.000968265 0.000140441 0.000546229 1
0.996753 -0.0796625 0.011742 0.0793136 0.996466 0.0276704 -0.0139048 -0.0266493 0.999548 0.00154658 0.000315554 0.000631201 1
0.996662 -0.0807472 0.0120459 0.0803861 0.996372 0.0279385 -0.0142582 -0.0268769 0.999537 0.0023582 0.00056758 0.000742587 1
0.996533 -0.0822498 0.0124973 0.0818714 0.996242 0.0282559 -0.0147744 -0.0271348 0.999523 0.00347121 0.000924282 0.000843187 1
0.996378 -0.084 0.0132295 0.0835928 0.996084 0.0288015 -0.015597 -0.0275913 0.999498 0.00473645 0.00132328 0.00104092 1
0.996264 -0.0852694 0.0136863 0.0848428 0.995966 0.0292011 -0.0161211 -0.0279308 0.99948 0.00565702 0.00160441 0.00120058 1
0.996291 -0.0849283 0.0138716 0.0844948 0.995993 0.0293083 -0.0163051 -0.0280275 0.999474 0.00534866 0.00148461 0.00123091 1
0.996209 -0.0858473 0.0140441 0.0854015 0.995902 0.0297457 -0.0165402 -0.0284336 0.999459 0.0060321 0.00167397 0.00150177 1
0.996323 -0.0845675 0.0137206 0.0841338 0.996015 0.0295933 -0.0161686 -0.0283302 0.999468 0.00504749 0.00134873 0.00148519 1
0.996297 -0.0848672 0.0137974 0.0844301 0.995988 0.0296671 -0.0162598 -0.0283923 0.999465 0.00524809 0.00141836 0.00151079 1
0.99637 -0.0840371 0.013609 0.0836118 0.996068 0.029277 -0.0160158 -0.0280329 0.999479 0.00459574 0.00124048 0.00126872 1
0.996249 -0.0853861 0.0140468 0.0849408 0.995943 0.029723 -0.0165278 -0.0284184 0.999459 0.00557589 0.00154307 0.00147712 1
0.996322 -0.0845389 0.0140057 0.0841024 0.996027 0.02927 -0.0164245 -0.0279845 0.999473 0.00488774 0.00137178 0.00115668 1
0.996283 -0.0849466 0.0142648 0.0845039 0.995995 0.0291981 -0.016688 -0.0278841 0.999472 0.00515266 0.00148476 0.00103598 1
0.996403 -0.0835617 0.0141207 0.083132 0.996126 0.0286861 -0.016463 -0.0274091 0.999489 0.00406291 0.00117632 0.000715531 1
0.996407 -0.083533 0.013991 0.0831081 0.99613 0.0286071 -0.0163265 -0.0273415 0.999493 0.00404183 0.00118224 0.000710026 1
0.996538 -0.082004 0.0137051 0.0815971 0.996272 0.0279974 -0.0159499 -0.0267822 0.999514 0.00285964 0.000850443 0.000355928 1
0.996542 -0.0819859 0.0134983 0.0815819 0.996269 0.0281654 -0.0157571 -0.0269668 0.999512 0.00286307 0.000829144 0.000566295 1
0.996493 -0.0825732 0.0135603 0.0821642 0.996215 0.0283671 -0.0158513 -0.0271534 0.999506 0.00330627 0.000967311 0.000716046 1
0.996519 -0.0823134 0.0131721 0.0819154 0.996236 0.0283357 -0.0154549 -0.0271581 0.999512 0.0031433 0.000908329 0.000817392 1
0.996586 -0.0815333 0.013019 0.0811407 0.996302 0.0282699 -0.0152758 -0.027117 0.999516 0.00253841 0.000704947 0.000830722 1
0.996614 -0.081222 0.012796 0.0808368 0.996329 0.0281925 -0.0150389 -0.0270626 0.999521 0.00230879 0.000632794 0.000843178 1
0.99669 -0.0803053 0.0126477 0.0799309 0.996414 0.0277474 -0.0148306 -0.0266446 0.999535 0.00158666 0.000443109 0.000550706 1
0.996782 -0.0792194 0.0122186 0.0788607 0.996507 0.0274742 -0.0143524 -0.0264222 0.999548 0.000779263 0.000189409 0.000471321 1
0.996824 -0.0787112 0.0120927 0.0783584 0.996551 0.0273031 -0.0142001 -0.0262688 0.999554 0.000386874 7.31946e-05 0.00037427 1
0.996924 -0.0775117 0.0116067 0.0771783 0.996656 0.026847 -0.0136488 -0.0258686 0.999572 -0.000495751 -0.00018381 0.000155801 1
0.996917 -0.077601 0.0116104 0.0772669 0.996648 0.0268899 -0.0136581 -0.0259099 0.999571 -0.000429611 -0.000166577 0.000180896 1
0.99697 -0.0769655 0.0113173 0.0766413 0.9967 0.0267295 -0.0133372 -0.0257811 0.999579 -0.000887859 -0.000322005 0.000132075 1
0.996938 -0.0773381 0.0115611 0.0770075 0.996672 0.0267351 -0.0135902 -0.0257629 0.999576 -0.00063139 -0.000227703 5.53908e-05 1
0.99681 -0.0789117 0.0119732 0.0785626 0.996536 0.0272638 -0.0140832 -0.0262362 0.999557 0.000554204 0.000120793 0.000326501 1
0.996649 -0.0807924 0.0127749 0.0804138 0.996374 0.0277925 -0.014974 -0.0266721 0.999532 0.00192474 0.000543355 0.000484548 1
0.99655 -0.0819614 0.0130526 0.081572 0.996274 0.0280012 -0.015299 -0.0268398 0.999523 0.00281296 0.000829567 0.000535759 1
0.996399 -0.0836637 0.0137815 0.0832457 0.99612 0.0285351 -0.0161154 -0.027285 0.999498 0.00405917 0.00120978 0.000703092 1
0.99629 -0.0849069 0.0140523 0.0844746 0.996006 0.0289285 -0.0164524 -0.0276341 0.999483 0.00500884 0.00148506 0.000886062 1
0.996249 -0.0853342 0.0143285 0.0848934 0.995969 0.0289768 -0.0167434 -0.0276517 0.999477 0.00531 0.00158808 0.000807251 1
0.996197 -0.0859297 0.0144189 0.0854845 0.995915 0.0290798 -0.0168588 -0.0277366 0.999473 0.00577213 0.00173928 0.000813738 1
0.996252 -0.0853187 0.0142117 0.0848812 0.99597 0.0289752 -0.0166266 -0.0276603 0.999479 0.00532734 0.00158419 0.000755593 1
0.996217 -0.0857296 0.0142273 0.0852887 0.99593 0.0291432 -0.0166679 -0.0278196 0.999474 0.00565765 0.00167299 0.000830063 1
0.996219 -0.085704 0.014237 0.0852616 0.99593 0.0292199 -0.0166833 -0.0278955 0.999472 0.00564794 0.00165343 0.000834936 1
0.996188 -0.086063 0.0142512 0.0856164 0.995893 0.0294405 -0.0167264 -0.0281081 0.999465 0.00594952 0.00171364 0.000938018 1
0.996245 -0.0854098 0.0141955 0.0849656 0.99595 0.0293995 -0.016649 -0.0280829 0.999467 0.00546599 0.00152626 0.000868091 1
0.996159 -0.0863617 0.0144681 0.0859033 0.995858 0.0297745 -0.0169796 -0.0284173 0.999452 0.00620812 0.0017255 0.000998578 1
0.996256 -0.085271 0.0142119 0.0848207 0.995952 0.0297392 -0.0166903 -0.0284224 0.999457 0.00541639 0.00141744 0.000985855 1
0.996265 -0.0851644 0.0142603 0.0847127 0.995961 0.0297437 -0.0167358 -0.0284246 0.999456 0.00535706 0.00137814 0.00089749 1
0.996374 -0.0839098 0.0140619 0.0834658 0.99607 0.0296437 -0.0164941 -0.0283626 0.999462 0.00442511 0.00103759 0.000812352 1
0.996351 -0.0841725 0.0141138 0.08372 0.996036 0.0300602 -0.0165881 -0.0287689 0.999448 0.00466226 0.00103918 0.00103205 1
0.996429 -0.0832822 0.0139333 0.0828361 0.996111 0.0300042 -0.0163779 -0.0287428 0.999453 0.00400799 0.000779697 0.00096329 1
0.996366 -0.0839671 0.0143024 0.0835056 0.996047 0.0302778 -0.0167882 -0.0289735 0.999439 0.00451493 0.000912717 0.000971689 1
0.996377 -0.0838146 0.0144372 0.0833466 0.996056 0.0304363 -0.0169313 -0.0291227 0.999432 0.00439367 0.000825304 0.000964206 1
0.996309 -0.0845717 0.014709 0.0840887 0.995981 0.0308314 -0.0172574 -0.0294808 0.999416 0.00496727 0.000960028 0.00108526 1
0.996318 -0.0844506 0.0147974 0.0839635 0.995989 0.0309223 -0.0173495 -0.029566 0.999412 0.00485933 0.000904282 0.00103257 1
0.996286 -0.084739 0.0152999 0.0842304 0.995955 0.031289 -0.0178895 -0.0298841 0.999393 0.00502627 0.000916773 0.00107628 1
0.996257 -0.0850329 0.0155522 0.0845109 0.995921 0.0316001 -0.0181758 -0.0301675 0.99938 0.00523009 0.000944218 0.00114869 1
0.996284 -0.0846779 0.0157398 0.0841467 0.995946 0.0318035 -0.018369 -0.0303609 0.99937 0.00493474 0.000812455 0.00117051 1
0.996303 -0.0844097 0.0159814 0.0838719 0.99597 0.0317667 -0.0185985 -0.0303089 0.999368 0.00468839 0.000737593 0.000999636 1
0.99631 -0.0842749 0.0162293 0.0837286 0.99598 0.0318267 -0.0188462 -0.0303504 0.999362 0.00454689 0.000688457 0.000909476 1
0.996316 -0.0841994 0.0163051 0.0836513 0.995988 0.0317957 -0.0189169 -0.0303146 0.999361 0.00446721 0.00067722 0.000801317 1
0.996353 -0.0837498 0.0163365 0.0832023 0.996028 0.0317235 -0.0189285 -0.0302485 0.999363 0.00409658 0.000563583 0.000686502 1
0.996386 -0.0833579 0.0163379 0.082814 0.996066 0.0315385 -0.0189026 -0.0300715 0.999369 0.00376305 0.000485566 0.000500522 1
0.99633 -0.0839503 0.0166944 0.0833921 0.996012 0.0317157 -0.0192904 -0.0302071 0.999357 0.00415656 0.00061688 0.000480943 1
0.996268 -0.0846563 0.0168283 0.0840889 0.995945 0.0319644 -0.019466 -0.03043 0.999347 0.00467516 0.000777058 0.000582871 1
0.996198 -0.0854302 0.0170456 0.0848465 0.995866 0.0324469 -0.019747 -0.0308773 0.999328 0.00522598 0.000932625 0.000851928 1
0.996129 -0.0861919 0.0172679 0.0855984 0.995797 0.0325779 -0.0200033 -0.0309736 0.99932 0.00575776 0.00113788 0.000845754 1
0.996053 -0.0870144 0.0175128 0.0864105 0.995723 0.0327065 -0.0202838 -0.0310641 0.999312 0.00633124 0.00135184 0.000830617 1
0.99603 -0.0872931 0.0174623 0.0866888 0.995695 0.0327971 -0.0202501 -0.0311531 0.999309 0.00652353 0.00143451 0.000880205 1
0.99599 -0.0877073 0.0176281 0.0870975 0.99566 0.0328036 -0.0204287 -0.0311367 0.999306 0.00678054 0.00156654 0.000805874 1
0.995988 -0.0877352 0.0176248 0.08713 0.995664 0.0325846 -0.0204071 -0.0309182 0.999314 0.00676731 0.00162013 0.000607583 1
0.995955 -0.0881089 0.0176328 0.0875007 0.995627 0.0327161 -0.0204383 -0.0310408 0.999309 0.00703278 0.00172151 0.000679495 1
0.995852 -0.0892609 0.017635 0.0886416 0.995509 0.0332333 -0.0205223 -0.0315322 0.999292 0.00792564 0.00199732 0.00104785 1
0.995874 -0.0890278 0.0175517 0.0884155 0.995536 0.033025 -0.0204135 -0.0313369 0.9993 0.00773434 0.00197615 0.000907635 1
0.99588 -0.0889594 0.01758 0.0883487 0.995546 0.0329049 -0.0204289 -0.0312162 0.999304 0.00766409 0.0019789 0.000806253 1
0.995838 -0.0894391 0.0175544 0.0888263 0.995499 0.0330361 -0.0204301 -0.0313393 0.9993 0.00803919 0.00209868 0.00091093 1
0.995872 -0.0890581 0.0175421 0.0884521 0.995543 0.0327282 -0.0203786 -0.0310415 0.99931 0.00773827 0.0020334 0.000688507 1
0.995919 -0.0885452 0.0174919 0.0879457 0.995595 0.0324918 -0.0202918 -0.0308208 0.999319 0.00733725 0.00191698 0.000534755 1
0.995864 -0.0891535 0.0175053 0.0885487 0.995534 0.0327258 -0.0203448 -0.0310404 0.999311 0.00782358 0.00205318 0.000709406 1
0.995853 -0.0892834 0.0175001 0.0886774 0.995521 0.0327903 -0.0203493 -0.0311024 0.999309 0.0079384 0.00207825 0.000761296 1
0.9959 -0.0887301 0.0176159 0.0881261 0.995578 0.0325284 -0.0204242 -0.0308426 0.999316 0.00750133 0.00194894 0.000532252 1
0.995832 -0.0894794 0.0176519 0.088866 0.995499 0.0329183 -0.0205179 -0.0312124 0.999302 0.0080991 0.00209337 0.000806281 1
0.995814 -0.0896552 0.0177809 0.0890357 0.995481 0.0330152 -0.0206605 -0.0312939 0.999297 0.00823594 0.00210845 0.000832205 1
0.995861 -0.0891159 0.0178508 0.0884971 0.995534 0.0328825 -0.0207014 -0.0311667 0.9993 0.00781817 0.00194988 0.000707068 1
0.995866 -0.0890593 0.017889 0.088435 0.995532 0.0330933 -0.0207564 -0.0313744 0.999292 0.0077932 0.00188603 0.000848398 1
0.995842 -0.0893077 0.0179513 0.088675 0.9955 0.0334002 -0.0208534 -0.0316695 0.999281 0.00799716 0.00188999 0.00105232 1
0.995915 -0.0884846 0.0179767 0.0878544 0.995578 0.0332521 -0.0208395 -0.0315369 0.999285 0.00736685 0.00166291 0.000931952 1
0.995961 -0.0879646 0.0180239 0.0873359 0.995628 0.0331181 -0.0208583 -0.0314102 0.999289 0.00695634 0.00151818 0.000813593 1
0.995967 -0.0878777 0.0180687 0.0872462 0.995634 0.0331856 -0.0209061 -0.0314753 0.999286 0.00688351 0.00146875 0.000845167 1
0.996 -0.0874705 0.0182534 0.0868359 0.995674 0.0330663 -0.0210668 -0.031349 0.999286 0.00653857 0.00134962 0.000699823 1
0.99601 -0.0873352 0.0183717 0.0866988 0.995689 0.0329763 -0.0211725 -0.0312519 0.999287 0.00641063 0.00130199 0.000592876 1
0.996031 -0.0870461 0.0185943 0.0864054 0.995718 0.0328531 -0.0213744 -0.031116 0.999287 0.00614893 0.00121412 0.000436178 1
0.996052 -0.086768 0.0187598 0.0861204 0.99574 0.032939 -0.0215379 -0.0311934 0.999281 0.00591563 0.00111439 0.00046199 1
0.996093 -0.0862334 0.01902 0.0855831 0.995794 0.0327009 -0.0217599 -0.0309453 0.999284 0.00545787 0.00097971 0.000215618 1
0.996071 -0.0864646 0.0191227 0.0858111 0.995775 0.0327016 -0.0218694 -0.0309322 0.999282 0.00560975 0.0010305 0.000189426 1
0.996071 -0.0864712 0.0191075 0.0858157 0.995771 0.0328105 -0.0218638 -0.0310419 0.999279 0.0056047 0.00101507 0.000289252 1
0.996079 -0.0863837 0.0190704 0.0857303 0.995779 0.0327733 -0.0218209 -0.0310099 0.999281 0.00552573 0.00100047 0.000287075 1
0.996061 -0.0866059 0.0190031 0.0859564 0.995763 0.0326842 -0.0217533 -0.030922 0.999285 0.00568338 0.0010731 0.000248053 1
0.996031 -0.0870039 0.0187906 0.086357 0.995722 0.032862 -0.0215693 -0.0311089 0.999283 0.00600093 0.00117924 0.000459947 1
0.996011 -0.0872627 0.0186096 0.0866204 0.995698 0.0329074 -0.0214011 -0.0311642 0.999285 0.00620048 0.00126036 0.000564727 1
0.996041 -0.0869432 0.0185293 0.0863105 0.995736 0.032575 -0.0212824 -0.0308468 0.999298 0.00592748 0.00123176 0.000359927 1
0.995967 -0.0878426 0.0182791 0.0872125 0.995649 0.0328031 -0.0210811 -0.0310767 0.999295 0.00662365 0.00147404 0.000622223 1
0.995934 -0.0882371 0.0181414 0.0876127 0.995617 0.032736 -0.0209504 -0.0310135 0.999299 0.00690383 0.00161208 0.000632999 1
0.995892 -0.0887299 0.0180501 0.088105 0.995568 0.0328875 -0.0208882 -0.0311621 0.999296 0.00726509 0.00174142 0.000801558 1
0.995919 -0.0884453 0.0179755 0.0878285 0.995602 0.0326116 -0.0207808 -0.0308997 0.999306 0.00701193 0.00171851 0.000646772 1
0.995886 -0.0888314 0.0179107 0.0882172 0.995568 0.0325785 -0.0207254 -0.0308645 0.999309 0.00728869 0.0018471 0.000666114 1
0.995862 -0.0890927 0.0179163 0.0884805 0.995549 0.0324688 -0.0207292 -0.0307492 0.999312 0.00746501 0.00194181 0.000604011 1
0.99582 -0.0895891 0.0178091 0.0889765 0.995499 0.0326416 -0.0206533 -0.0309206 0.999308 0.00785686 0.00206877 0.000788621 1
0.995857 -0.0891851 0.0177683 0.0885827 0.995548 0.0322124 -0.020562 -0.030505 0.999323 0.0075263 0.00202716 0.000500017 1
0.995853 -0.0892073 0.0178361 0.0886057 0.99555 0.032076 -0.0206181 -0.0303626 0.999326 0.00752482 0.00205047 0.000397694 1
0.99584 -0.089364 0.0178168 0.0887625 0.995536 0.0320928 -0.0206052 -0.0303778 0.999326 0.00764937 0.00209641 0.000434802 1
0.995907 -0.0885947 0.0178949 0.0879976 0.995614 0.0317794 -0.0206319 -0.0300746 0.999335 0.00704002 0.00192467 0.000200852 1
0.995941 -0.0881893 0.0180011 0.0875944 0.995657 0.0315252 -0.0207031 -0.0298205 0.999341 0.00670965 0.00184305 -5.51821e-06 1
0.995947 -0.0881072 0.0180601 0.0875104 0.995664 0.0315324 -0.02076 -0.0298241 0.99934 0.00664837 0.00181374 -5.92939e-06 1
0.995896 -0.0886971 0.0180157 0.088093 0.9956 0.0319405 -0.0207695 -0.0302223 0.999327 0.00713745 0.00192803 0.000323267 1
0.99592 -0.0884113 0.0180771 0.0878062 0.995627 0.0318995 -0.0208184 -0.0301821 0.999328 0.00692025 0.00185167 0.000284381 1
0.995928 -0.0883093 0.018154 0.0877016 0.995635 0.0319152 -0.0208932 -0.0301931 0.999326 0.00684678 0.00181265 0.000280636 1
0.995973 -0.0877749 0.0182561 0.0871672 0.995687 0.0317797 -0.0209668 -0.0300604 0.999328 0.00643273 0.00167555 0.00016094 1
0.995987 -0.0876003 0.0183452 0.0869911 0.995704 0.0317208 -0.0210451 -0.0299976 0.999328 0.00630317 0.00162334 9.86446e-05 1
0.996023 -0.0871634 0.0184621 0.0865562 0.99575 0.0314717 -0.0211268 -0.0297485 0.999334 0.00596059 0.0015216 -0.000116125 1
0.995995 -0.0874752 0.0184991 0.0868635 0.995718 0.031626 -0.0211864 -0.0298925 0.999329 0.00622326 0.00157895 -3.27483e-06 1
0.995997 -0.0874418 0.0185463 0.0868292 0.995722 0.031606 -0.0212306 -0.0298691 0.999328 0.00621427 0.00156043 -2.41473e-05 1
0.996014 -0.0872334 0.0185965 0.0866211 0.995743 0.0315201 -0.0212669 -0.0297836 0.99933 0.00606631 0.00149976 -9.39151e-05 1
0.996015 -0.0872202 0.0186343 0.0866068 0.995744 0.0315183 -0.021304 -0.0297788 0.999329 0.00607282 0.00148563 -9.82682e-05 1
0.995999 -0.0873987 0.018633 0.0867853 0.995728 0.031522 -0.0213084 -0.0297788 0.999329 0.00622917 0.00151783 -9.10432e-05 1
0.996041 -0.0869177 0.0186637 0.0863079 0.995776 0.0313122 -0.0213064 -0.0295774 0.999335 0.00586797 0.00139777 -0.000248286 1
0.996049 -0.0868231 0.0186573 0.0862143 0.995786 0.0312744 -0.021294 -0.0295423 0.999337 0.00581525 0.00136319 -0.000268359 1
0.996049 -0.0868425 0.0185829 0.086235 0.995783 0.0313151 -0.021224 -0.0295889 0.999337 0.00586204 0.00135664 -0.000208405 1
0.996059 -0.0867339 0.018536 0.0861292 0.995794 0.0312525 -0.0211686 -0.0295329 0.99934 0.0058039 0.00132028 -0.000235893 1
0.996095 -0.0863419 0.0184136 0.0857418 0.995828 0.0312146 -0.0210319 -0.0295139 0.999343 0.00554029 0.00121619 -0.00021803 1
0.996099 -0.0863278 0.0182843 0.0857306 0.995828 0.0312567 -0.0209063 -0.0295673 0.999344 0.00556811 0.00120122 -0.000144863 1
0.996096 -0.0863959 0.0181278 0.0858008 0.995818 0.0313751 -0.0207627 -0.0296972 0.999343 0.00566288 0.00120439 -5.51052e-06 1
0.996115 -0.0861896 0.018085 0.0855972 0.995838 0.0313103 -0.0207084 -0.0296407 0.999346 0.0055251 0.00114398 -3.89587e-05 1
0.996119 -0.0861536 0.0180003 0.0855629 0.995839 0.0313494 -0.0206263 -0.0296875 0.999346 0.00552708 0.00112313 1.67723e-05 1
0.996119 -0.08616 0.0179627 0.0855695 0.995837 0.0313932 -0.0205927 -0.0297343 0.999346 0.00555622 0.00111333 6.22219e-05 1
0.996106 -0.0863267 0.0179157 0.0857354 0.99582 0.0314976 -0.0205599 -0.029839 0.999343 0.00571075 0.00114246 0.000155333 1
0.99607 -0.0867497 0.017856 0.0861551 0.995776 0.03174 -0.020534 -0.0300769 0.999337 0.00607041 0.00122767 0.00035711 1
0.996017 -0.0873787 0.017778 0.0867812 0.995714 0.031988 -0.0204968 -0.0303178 0.99933 0.00658738 0.00137014 0.000564522 1
0.996011 -0.0874459 0.0177704 0.0868463 0.995704 0.0321001 -0.020501 -0.0304288 0.999327 0.00665944 0.00137607 0.000655815 1
0.996021 -0.0873074 0.0178572 0.0867057 0.995717 0.0320792 -0.0205815 -0.0304033 0.999326 0.00655399 0.00133196 0.000620906 1
0.996053 -0.0869082 0.0180373 0.0863046 0.995758 0.0319071 -0.0207337 -0.0302245 0.999328 0.00622961 0.00122441 0.000446787 1
0.996071 -0.0866669 0.0181805 0.0860615 0.995782 0.0317943 -0.0208593 -0.0301048 0.999329 0.00603061 0.0011613 0.000327747 1
0.996128 -0.0859764 0.0183852 0.0853698 0.995849 0.031567 -0.0210229 -0.0298752 0.999333 0.00547441 0.000983549 0.000112565 1
0.996131 -0.0859016 0.0185457 0.0852923 0.995859 0.0314697 -0.0211722 -0.0297662 0.999333 0.00539554 0.00095736 5.11752e-06 1
0.99613 -0.0858963 0.0186502 0.0852854 0.995862 0.031392 -0.0212695 -0.0296799 0.999333 0.00537589 0.000950496 -6.88064e-05 1
0.996041 -0.0869305 0.0185961 0.086311 0.995758 0.0318665 -0.0212874 -0.0301353 0.999319 0.00619622 0.00117354 0.000317156 1
0.996017 -0.0872043 0.0185742 0.086584 0.995733 0.0319283 -0.0212793 -0.0301929 0.999318 0.00640776 0.0012378 0.000390541 1
0.996018 -0.0872055 0.0185401 0.0865879 0.995735 0.03185 -0.0212385 -0.0301178 0.999321 0.00639685 0.00124944 0.000367641 1
0.996038 -0.0869945 0.0184581 0.0863824 0.995757 0.0317043 -0.0211379 -0.0299842 0.999327 0.00622158 0.00121808 0.000310769 1
0.996044 -0.0869571 0.0183035 0.0863508 0.995762 0.0316545 -0.0209785 -0.0299488 0.999331 0.00618704 0.00123135 0.000348035 1
0.996114 -0.0861758 0.0181977 0.0855829 0.995843 0.0311733 -0.0208084 -0.0294947 0.999348 0.00554798 0.00109165 5.01532e-05 1
0.996171 -0.0855244 0.0181427 0.0849419 0.995911 0.0307563 -0.0206989 -0.0290975 0.999362 0.00499975 0.00097288 -0.000216874 1
0.99617 -0.0855638 0.017987 0.0849878 0.99591 0.0306603 -0.0205369 -0.0290142 0.999368 0.00500685 0.00101207 -0.00021756 1
0.996157 -0.0857511 0.0178494 0.0851801 0.995895 0.0306128 -0.0204012 -0.0289747 0.999372 0.00512269 0.00108667 -0.000188524 1
0.996151 -0.0858309 0.0177726 0.0852647 0.995892 0.0304821 -0.0203159 -0.0288494 0.999377 0.00514089 0.00113821 -0.000242247 1
0.996143 -0.0859422 0.0176979 0.0853808 0.995886 0.0303518 -0.0202335 -0.0287237 0.999383 0.00517908 0.00119736 -0.000298206 1
0.996104 -0.0864173 0.01758 0.0858581 0.995843 0.0304034 -0.0201343 -0.0287755 0.999383 0.00550747 0.0013373 -0.000206956 1
0.996087 -0.0866229 0.0175104 0.0860661 0.995826 0.0303834 -0.0200692 -0.0287575 0.999385 0.00562071 0.00141673 -0.000181485 1
0.996052 -0.0870354 0.0174588 0.0864793 0.995789 0.0304139 -0.0200324 -0.028784 0.999385 0.00589057 0.00154376 -0.000123882 1
0.996032 -0.0872798 0.0173862 0.0867256 0.995768 0.0304238 -0.019968 -0.0287953 0.999386 0.00603854 0.00163214 -6.90708e-05 1
0.996034 -0.0872568 0.0174162 0.0867048 0.995774 0.0302701 -0.0199839 -0.02864 0.99939 0.0059664 0.00166576 -0.000163424 1
0.996032 -0.087265 0.0174885 0.0867151 0.995779 0.0300649 -0.0200383 -0.0284291 0.999395 0.0059144 0.00171411 -0.000306299 1
0.996001 -0.0875993 0.0175587 0.0870505 0.995755 0.0299007 -0.0201034 -0.0282527 0.999399 0.00611682 0.00184403 -0.000417394 1
0.996004 -0.0875514 0.0176439 0.0870062 0.995768 0.0296064 -0.0201613 -0.0279529 0.999406 0.00602524 0.0018904 -0.000623432 1
0.995971 -0.0879077 0.017742 0.0873646 0.995744 0.0293641 -0.0202478 -0.0276957 0.999411 0.00624211 0.00203394 -0.000798447 1
0.995931 -0.0883539 0.0177407 0.0878137 0.995708 0.0292181 -0.0202461 -0.0275413 0.999416 0.0065474 0.00219557 -0.000870083 1
0.995918 -0.0885105 0.0176942 0.0879752 0.995699 0.029035 -0.020188 -0.0273598 0.999422 0.00663872 0.00228426 -0.000953701 1
0.995902 -0.088729 0.0175281 0.0881995 0.995682 0.0289688 -0.0200228 -0.0273041 0.999427 0.00680042 0.00238023 -0.00091476 1
0.995892 -0.0888799 0.017328 0.0883578 0.99567 0.0288746 -0.0198193 -0.0272249 0.999433 0.00691508 0.0024556 -0.000892418 1
0.995889 -0.0889583 0.0170566 0.0884453 0.995665 0.0287826 -0.0195431 -0.0271557 0.99944 0.00698501 0.00251066 -0.000851186 1
0.995912 -0.0887655 0.0167549 0.0882632 0.995685 0.028655 -0.0192262 -0.027059 0.999449 0.0068519 0.00249564 -0.000830333 1
0.995913 -0.0888099 0.0164609 0.0883163 0.995681 0.0286116 -0.0189308 -0.0270409 0.999455 0.00690071 0.00252783 -0.000755726 1
0.995926 -0.0887097 0.0161996 0.0882256 0.995693 0.0284822 -0.0186565 -0.0269369 0.999463 0.00682962 0.00252404 -0.000762408 1
0.995932 -0.0886849 0.0159356 0.0882087 0.995696 0.0284413 -0.0183894 -0.02692 0.999468 0.00681872 0.00252889 -0.000705539 1
0.995926 -0.0887908 0.0157091 0.0883187 0.995683 0.0285566 -0.0181768 -0.0270528 0.999469 0.00691075 0.00255248 -0.000545137 1
0.995934 -0.0887211 0.0156438 0.0882514 0.99569 0.0285171 -0.0181065 -0.0270205 0.999471 0.00683469 0.00253507 -0.000554057 1
0.995948 -0.0885699 0.0156179 0.0881022 0.995705 0.0284493 -0.0180706 -0.026958 0.999473 0.00668862 0.00250053 -0.000599574 1
0.99595 -0.0885264 0.0157018 0.0880571 0.99571 0.0284132 -0.0181498 -0.0269155 0.999473 0.00660964 0.00248649 -0.000656208 1
0.995951 -0.088486 0.0158542 0.0880135 0.995715 0.0283654 -0.0182962 -0.0268552 0.999472 0.00652283 0.00247579 -0.000743787 1
0.995965 -0.088281 0.0161109 0.0878054 0.995739 0.0281617 -0.0185284 -0.0266334 0.999474 0.00628658 0.00243211 -0.000982495 1
0.995958 -0.0883216 0.0163228 0.0878413 0.995738 0.0281148 -0.0187363 -0.0265674 0.999471 0.00625106 0.00244476 -0.0010897 1
0.995955 -0.0883147 0.01653 0.08783 0.99574 0.0280574 -0.0189375 -0.0264921 0.99947 0.00617788 0.00244772 -0.00120357 1
0.99593 -0.0885729 0.0166699 0.0880817 0.995714 0.0281961 -0.0190958 -0.026613 0.999463 0.0063244 0.0025046 -0.00115031 1
0.995904 -0.0888384 0.0167946 0.0883432 0.99569 0.0282288 -0.01923 -0.0266295 0.99946 0.00646793 0.00257026 -0.0011778 1
0.995897 -0.0889063 0.0168805 0.0884078 0.995683 0.0282842 -0.0193223 -0.0266758 0.999457 0.00646713 0.00258729 -0.00117352 1
0.995887 -0.0890014 0.0169842 0.0884992 0.995673 0.0283294 -0.0194321 -0.0267098 0.999454 0.00648081 0.00260582 -0.00118721 1
0.995875 -0.0891119 0.0170649 0.0886059 0.995661 0.0284164 -0.0195231 -0.0267871 0.99945 0.0065107 0.00262425 -0.00116293 1
0.995895 -0.0888788 0.017159 0.0883717 0.995684 0.0283371 -0.0196035 -0.0267044 0.999451 0.00626711 0.00256622 -0.00126753 1
0.995903 -0.0887773 0.0172156 0.0882667 0.995691 0.0284435 -0.0196666 -0.0268074 0.999447 0.00614328 0.00252559 -0.00121676 1
0.995913 -0.0886553 0.017222 0.0881422 0.995698 0.0285653 -0.0196804 -0.0269306 0.999444 0.00601064 0.0024756 -0.00113424 1
0.995915 -0.0886416 0.017196 0.0881266 0.995696 0.0286934 -0.0196655 -0.0270607 0.99944 0.00597207 0.00245413 -0.00103122 1
