NO_OF_FRAMES	31607
FREQUENCY	100
DATA_INCLUDED	6DOF(row-major-order)
ORDER	R11 R12 R13 R21 R22 R23 R31 R32 R33 Tx Ty Tz RMS
SOURCE_FILE	/afs/inf.ed.ac.uk/group/cstr/projects/galatea/DB/MotionCapture/Recordings_October_2014/Markers/Beve/CSTR/Beve_03_i.tsv.gz,Head/Beve_03_i.dof.gz
RIGID_BODY_MARKERS	 1 2 3 4
PROGRAM_NAME	EstimateRigidBodyWithSegment,nm-head-orientation
REFERENCE_FRAME	3
SEGMENT_HALF_WIDTH	2
SEGMENT_WINDOW_TYPE	rectangle
REFERENCE_MARKER_1	-0.312503 0.772635 0.0534597
REFERENCE_MARKER_2	-0.29019 0.801946 0.202844
REFERENCE_MARKER_3	-0.263457 0.784013 0.133183
REFERENCE_MARKER_4	-0.322746 0.751 0.266773
REFERENCE_CENTRE	-0.297224 0.777398 0.164065
NOTES	Normalised_Head_Orientation
END_OF_HEADER
0.989712 -0.139382 -0.0322919 0.137466 0.988954 -0.0554382 0.0396623 0.0504288 0.99794 0 0 0 1
0.989712 -0.139382 -0.0322919 0.137466 0.988954 -0.0554382 0.0396623 0.0504288 0.99794 0 0 0 1
0.989712 -0.139382 -0.0322919 0.137466 0.988954 -0.0554382 0.0396623 0.0504288 0.99794 1.33425e-16 5.64117e-16 3.13785e-16 1
0.989699 -0.139506 -0.0321682 0.137598 0.988938 -0.0553905 0.0395397 0.0503936 0.997946 4.84473e-05 5.52877e-05 -3.03107e-05 1
0.989691 -0.13959 -0.0320401 0.137692 0.98893 -0.0553074 0.0394057 0.0503255 0.997955 7.47245e-05 8.74263e-05 -4.24476e-05 1
0.989688 -0.139647 -0.0318902 0.13776 0.988926 -0.0552075 0.0392466 0.050245 0.997966 8.18082e-05 0.000105454 -5.34357e-05 1
0.989688 -0.139683 -0.0317151 0.137809 0.988924 -0.0551226 0.0390635 0.0501836 0.997976 7.30943e-05 0.000118065 -8.81119e-05 1
0.989697 -0.139663 -0.0315306 0.137803 0.988931 -0.0550033 0.0388635 0.0500916 0.997988 2.65055e-05 9.84067e-05 -0.000102887 1
0.989708 -0.139617 -0.031396 0.137766 0.988941 -0.0549175 0.0387162 0.050027 0.997997 -3.35817e-05 7.17549e-05 -0.000120524 1
0.989714 -0.139608 -0.0312266 0.13777 0.988945 -0.0548346 0.0385367 0.0499685 0.998007 -7.04849e-05 6.11612e-05 -0.000150761 1
0.989725 -0.139568 -0.0310662 0.137741 0.988953 -0.0547601 0.0383658 0.0499183 0.998016 -0.000125457 3.75852e-05 -0.000183362 1
0.98973 -0.139557 -0.0309654 0.137736 0.988956 -0.0547298 0.0382614 0.0499026 0.998021 -0.000150631 3.2941e-05 -0.000219996 1
0.989733 -0.139551 -0.0308822 0.137735 0.988957 -0.0547016 0.0381748 0.0498864 0.998025 -0.000168214 2.91923e-05 -0.000250002 1
0.989734 -0.139565 -0.0307965 0.137755 0.988958 -0.0546351 0.0380816 0.0498318 0.998031 -0.000167537 2.42948e-05 -0.000250862 1
0.989734 -0.139569 -0.0307829 0.137762 0.988959 -0.0546098 0.0380649 0.0498085 0.998033 -0.00015854 2.33205e-05 -0.000251393 1
0.989732 -0.139584 -0.0307821 0.137777 0.988959 -0.054575 0.03806 0.0497735 0.998035 -0.00014416 2.13911e-05 -0.000238459 1
0.989734 -0.139566 -0.0307824 0.137761 0.988964 -0.0545226 0.0380522 0.0497223 0.998038 -0.00015224 1.30219e-06 -0.000213008 1
0.989733 -0.139568 -0.0308216 0.137763 0.988965 -0.0544916 0.0380868 0.0496861 0.998038 -0.000137093 -5.49607e-06 -0.000185755 1
0.989732 -0.13956 -0.0308876 0.137752 0.988968 -0.0544734 0.0381491 0.0496592 0.998037 -0.000124859 -1.395e-05 -0.000158537 1
0.989734 -0.139529 -0.0309494 0.137719 0.988973 -0.0544548 0.0382061 0.0496334 0.998036 -0.00012917 -3.199e-05 -0.000132636 1
0.989739 -0.139481 -0.0310031 0.137669 0.988982 -0.0544239 0.0382526 0.0495973 0.998036 -0.00014303 -5.8517e-05 -0.000103597 1
0.989739 -0.139469 -0.0310569 0.137656 0.988986 -0.0543873 0.0383002 0.0495541 0.998037 -0.000127272 -7.10721e-05 -6.9898e-05 1
0.989745 -0.139424 -0.0310615 0.137613 0.988994 -0.0543381 0.0382957 0.0495065 0.998039 -0.000143403 -9.90142e-05 -5.12899e-05 1
0.989755 -0.139365 -0.0310196 0.137558 0.989005 -0.0542791 0.0382431 0.049456 0.998044 -0.000176517 -0.000134427 -4.58807e-05 1
0.989766 -0.139298 -0.0309622 0.137495 0.989016 -0.0542399 0.0381776 0.0494277 0.998048 -0.000217958 -0.000168192 -6.46647e-05 1
0.989778 -0.139232 -0.0308854 0.137436 0.989028 -0.0541734 0.0380892 0.0493749 0.998054 -0.000257306 -0.000206448 -7.22704e-05 1
0.989797 -0.139121 -0.0307858 0.137333 0.989046 -0.0541072 0.037976 0.0493273 0.99806 -0.000331802 -0.000262248 -9.29868e-05 1
0.989811 -0.139043 -0.0306738 0.137264 0.989061 -0.0540048 0.0378473 0.0492441 0.998069 -0.000383562 -0.000314033 -9.06083e-05 1
0.989827 -0.138951 -0.030571 0.13718 0.989077 -0.0539224 0.0377296 0.0491801 0.998077 -0.000440971 -0.000366151 -0.000100903 1
0.989844 -0.138861 -0.030444 0.137102 0.989095 -0.0537898 0.0375813 0.0490696 0.998088 -0.000499563 -0.000428404 -8.41791e-05 1
0.989864 -0.138739 -0.0303342 0.136989 0.989116 -0.0536922 0.0374533 0.0489926 0.998097 -0.000581997 -0.000496413 -8.76153e-05 1
0.98988 -0.138652 -0.0302243 0.136912 0.989133 -0.0535775 0.0373245 0.0488973 0.998106 -0.00063778 -0.000554924 -7.73551e-05 1
0.989898 -0.138538 -0.0301388 0.136805 0.989153 -0.0534811 0.037221 0.0488177 0.998114 -0.000710943 -0.000621535 -6.95469e-05 1
0.989917 -0.13842 -0.0300643 0.136695 0.989174 -0.0533754 0.037127 0.0487276 0.998122 -0.000786264 -0.000692595 -4.8373e-05 1
0.989931 -0.138334 -0.029994 0.136616 0.989191 -0.0532736 0.0370393 0.0486396 0.998129 -0.000836527 -0.000750317 -2.37674e-05 1
0.989944 -0.13826 -0.0299337 0.136549 0.989206 -0.0531677 0.0369615 0.0485456 0.998137 -0.000876675 -0.000804759 1.19165e-05 1
0.98996 -0.138148 -0.0299042 0.136442 0.989224 -0.0530921 0.0369165 0.0484789 0.998142 -0.000943227 -0.000869414 4.23178e-05 1
0.989978 -0.138025 -0.0298828 0.136322 0.989243 -0.0530545 0.0368842 0.0484491 0.998144 -0.00101725 -0.000930974 5.1166e-05 1
0.989989 -0.137942 -0.0299007 0.136238 0.989256 -0.0530307 0.0368945 0.0484262 0.998145 -0.00105755 -0.00097436 7.25232e-05 1
0.99 -0.137851 -0.0299499 0.136145 0.989268 -0.0530357 0.0369395 0.0484279 0.998143 -0.00110229 -0.00101486 8.82089e-05 1
0.990008 -0.13778 -0.0300152 0.13607 0.989277 -0.053064 0.0370045 0.0484497 0.99814 -0.00113216 -0.00104249 9.75444e-05 1
0.99001 -0.13775 -0.0300707 0.136036 0.989281 -0.0530866 0.0370611 0.0484656 0.998137 -0.0011371 -0.00105298 0.000109909 1
0.990009 -0.137744 -0.030147 0.136025 0.989281 -0.0531047 0.0371386 0.0484733 0.998134 -0.00112195 -0.0010541 0.000134878 1
0.99001 -0.137731 -0.0301838 0.136011 0.989283 -0.0531084 0.037175 0.0484725 0.998132 -0.00112093 -0.00105924 0.000153887 1
0.990008 -0.137728 -0.0302404 0.136005 0.989284 -0.0531017 0.0372299 0.0484583 0.998131 -0.00110866 -0.00106229 0.000188202 1
0.990006 -0.137736 -0.0302932 0.136012 0.989284 -0.0530863 0.0372804 0.0484355 0.99813 -0.00108984 -0.00106298 0.000227403 1
0.990013 -0.137678 -0.0303329 0.135951 0.989293 -0.0530816 0.0373163 0.0484277 0.998129 -0.00112042 -0.0010893 0.000249452 1
0.990023 -0.137601 -0.0303406 0.135875 0.989305 -0.0530464 0.0373153 0.0483946 0.998131 -0.0011687 -0.00112968 0.000279997 1
0.990035 -0.13751 -0.0303577 0.135784 0.989318 -0.0530245 0.0373248 0.048374 0.998132 -0.00122123 -0.00117511 0.00030378 1
0.990055 -0.137374 -0.0303352 0.13565 0.989338 -0.0530057 0.0372934 0.0483635 0.998133 -0.00131158 -0.00123772 0.000308047 1
0.990078 -0.137213 -0.0303027 0.135492 0.989361 -0.0529799 0.0372498 0.0483484 0.998136 -0.00141558 -0.00131293 0.000313853 1
0.990098 -0.137071 -0.0302767 0.135353 0.989382 -0.0529491 0.037213 0.0483268 0.998138 -0.00149892 -0.0013817 0.000330041 1
0.990124 -0.136888 -0.030278 0.135169 0.989406 -0.0529597 0.0372067 0.048344 0.998138 -0.00160231 -0.0014605 0.000330811 1
0.990155 -0.136657 -0.0302949 0.134936 0.989436 -0.0529908 0.0372164 0.0483812 0.998135 -0.00173081 -0.00155612 0.000327779 1
0.990193 -0.136368 -0.0303508 0.134641 0.989472 -0.0530732 0.0372687 0.0484662 0.998129 -0.00188602 -0.00166991 0.000309708 1
0.99024 -0.136011 -0.0304258 0.134276 0.989515 -0.0532021 0.0373428 0.0485974 0.99812 -0.00207887 -0.00180451 0.000269832 1
0.990305 -0.135512 -0.0305286 0.133767 0.989574 -0.0533765 0.0374435 0.0487753 0.998108 -0.00236118 -0.00199173 0.000209997 1
0.990378 -0.134943 -0.0306758 0.133183 0.989642 -0.0535883 0.0375894 0.0489872 0.998092 -0.00268017 -0.00220458 0.000142015 1
0.990467 -0.134251 -0.0308435 0.132474 0.989723 -0.0538377 0.0377543 0.0492385 0.998073 -0.00307824 -0.00246076 5.08034e-05 1
0.990561 -0.133505 -0.0310613 0.131709 0.989812 -0.0540797 0.0379648 0.0494782 0.998053 -0.0035013 -0.00274151 -2.00804e-05 1
0.990661 -0.132699 -0.0313186 0.130882 0.989909 -0.0543093 0.0382094 0.0497031 0.998033 -0.00395869 -0.00304931 -7.28001e-05 1
0.990749 -0.131977 -0.031606 0.130139 0.989997 -0.0544914 0.0384815 0.0498741 0.998014 -0.00434905 -0.00333271 -8.36138e-05 1
0.990835 -0.131263 -0.0318652 0.129407 0.990086 -0.0546202 0.0387189 0.0499961 0.997999 -0.00473795 -0.00361989 -7.65816e-05 1
0.990906 -0.130677 -0.032088 0.128809 0.990162 -0.0546616 0.0389153 0.0500312 0.997989 -0.00504016 -0.00387183 -2.57455e-05 1
0.990973 -0.130132 -0.032218 0.128258 0.990234 -0.0546442 0.0390143 0.0500187 0.997986 -0.0053334 -0.00411445 1.94894e-05 1
0.991032 -0.129678 -0.0322212 0.127808 0.990297 -0.0545667 0.0389846 0.0499593 0.99799 -0.0055843 -0.00432821 4.83848e-05 1
0.99109 -0.129265 -0.0321095 0.127405 0.990355 -0.0544425 0.0388373 0.0498665 0.998 -0.0058274 -0.00453116 5.42672e-05 1
0.991142 -0.128921 -0.0318865 0.127079 0.990407 -0.0542601 0.0385759 0.0497274 0.998018 -0.0060419 -0.00471424 4.93047e-05 1
0.991196 -0.128596 -0.0315374 0.12678 0.990457 -0.0540532 0.0381875 0.049579 0.99804 -0.00626591 -0.00488886 1.14048e-06 1
0.991241 -0.128352 -0.031104 0.126567 0.990497 -0.0538155 0.0377158 0.0494074 0.998066 -0.00644878 -0.00503506 -6.19775e-05 1
0.991284 -0.128136 -0.0306153 0.126386 0.990535 -0.0535436 0.0371864 0.0492075 0.998096 -0.00662069 -0.00517268 -0.000128023 1
0.991327 -0.127933 -0.03005 0.12622 0.990571 -0.0532686 0.0365815 0.0490137 0.998128 -0.00680177 -0.0053026 -0.000226142 1
0.991361 -0.127806 -0.0294637 0.126133 0.990597 -0.0529905 0.0359592 0.0488164 0.99816 -0.00693235 -0.00539951 -0.000328278 1
0.991394 -0.127682 -0.0288945 0.126047 0.990623 -0.0527117 0.0353539 0.048616 0.998192 -0.00706283 -0.00549379 -0.000423024 1
0.991429 -0.127539 -0.0283324 0.12594 0.990651 -0.0524287 0.0347543 0.0484111 0.998223 -0.00720923 -0.00559258 -0.00051553 1
0.991462 -0.127394 -0.0278036 0.12583 0.990679 -0.0521661 0.0341901 0.0482222 0.998251 -0.00735807 -0.0056879 -0.000606935 1
0.991487 -0.127302 -0.0273495 0.125769 0.990701 -0.0519083 0.0337032 0.0480267 0.998277 -0.00745943 -0.00576038 -0.000667736 1
0.991512 -0.127192 -0.0269626 0.125687 0.990724 -0.0516616 0.0332834 0.0478343 0.998301 -0.00756957 -0.00583832 -0.000709336 1
0.991529 -0.127116 -0.0266767 0.125632 0.990743 -0.0514276 0.032967 0.0476405 0.99832 -0.00764299 -0.00590016 -0.000716037 1
0.991535 -0.127111 -0.0264669 0.125644 0.990753 -0.051212 0.0327318 0.0474531 0.998337 -0.00765718 -0.00593203 -0.000696947 1
0.991538 -0.127116 -0.0263574 0.12566 0.990761 -0.0510206 0.0325994 0.0472768 0.99835 -0.0076531 -0.00595414 -0.000652559 1
0.991533 -0.127157 -0.0263339 0.125708 0.990764 -0.0508447 0.0325559 0.0471038 0.998359 -0.00761269 -0.00595975 -0.000579183 1
0.991526 -0.127198 -0.0263815 0.125751 0.990765 -0.0507113 0.0325882 0.0469641 0.998365 -0.00756405 -0.00595663 -0.000503515 1
0.991516 -0.127263 -0.0264762 0.125814 0.990762 -0.0506104 0.0326724 0.0468499 0.998367 -0.00749583 -0.00593977 -0.000426313 1
0.991504 -0.127319 -0.026648 0.125865 0.990759 -0.0505506 0.0328378 0.0467671 0.998366 -0.00742239 -0.00592076 -0.000343399 1
0.991483 -0.127439 -0.0268553 0.125976 0.990746 -0.0505114 0.0330439 0.046698 0.998362 -0.00729781 -0.00587536 -0.000253749 1
0.99147 -0.127487 -0.0270914 0.126013 0.990742 -0.0505059 0.0332794 0.0466612 0.998356 -0.00722235 -0.00585308 -0.000176971 1
0.991456 -0.127546 -0.0273347 0.126061 0.990736 -0.0505153 0.0335245 0.0466379 0.998349 -0.00713837 -0.00582739 -0.000105103 1
0.991444 -0.127581 -0.0275919 0.126083 0.990731 -0.0505438 0.0337846 0.0466325 0.998341 -0.00706954 -0.00581023 -4.08807e-05 1
0.991434 -0.127608 -0.0278301 0.126098 0.990728 -0.0505642 0.0340245 0.0466218 0.998333 -0.00700832 -0.0057981 2.16329e-05 1
0.99143 -0.127591 -0.0280559 0.126069 0.99073 -0.0505983 0.0342517 0.0466277 0.998325 -0.00698122 -0.00580442 6.73791e-05 1
0.991423 -0.127597 -0.0282734 0.126064 0.99073 -0.0506216 0.0344705 0.0466231 0.998318 -0.00693532 -0.00580521 0.000118739 1
0.99142 -0.127575 -0.0284814 0.126033 0.990733 -0.0506292 0.0346765 0.0466052 0.998311 -0.00690849 -0.00582108 0.000175537 1
0.991423 -0.127515 -0.0286504 0.125964 0.990742 -0.0506215 0.0348401 0.0465784 0.998307 -0.00691371 -0.00585611 0.000225132 1
0.991427 -0.127445 -0.0288002 0.125888 0.990753 -0.050601 0.0349828 0.0465416 0.998304 -0.006926 -0.00590067 0.000272896 1
0.991436 -0.127346 -0.0289389 0.125785 0.990769 -0.0505517 0.0351093 0.0464788 0.998302 -0.00695846 -0.00596395 0.000332765 1
0.991451 -0.127207 -0.0290441 0.125644 0.990791 -0.0504619 0.0351957 0.0463813 0.998304 -0.00702315 -0.0060518 0.000404005 1
0.991469 -0.127056 -0.029095 0.125494 0.990815 -0.0503625 0.0352266 0.0462817 0.998307 -0.00710448 -0.00614951 0.000456556 1
0.991491 -0.126876 -0.0291086 0.125318 0.990843 -0.05026 0.0352188 0.0461845 0.998312 -0.00720974 -0.00626067 0.000493811 1
0.991522 -0.12665 -0.0290651 0.125098 0.990876 -0.0501512 0.0351516 0.04609 0.998319 -0.00735978 -0.00639309 0.00051124 1
0.991552 -0.126431 -0.0289731 0.124888 0.99091 -0.0500117 0.0350328 0.0459708 0.998328 -0.00751156 -0.00653127 0.000532693 1
0.991589 -0.126174 -0.0288349 0.12464 0.990945 -0.0499211 0.0348725 0.0459072 0.998337 -0.0077011 -0.00667732 0.000497343 1
0.991636 -0.125851 -0.0286452 0.124329 0.990989 -0.049831 0.0346583 0.0458527 0.998347 -0.00795077 -0.00685175 0.000439772 1
0.991673 -0.125602 -0.0284535 0.124093 0.991024 -0.0497172 0.0344427 0.0457723 0.998358 -0.00814888 -0.00700651 0.000403069 1
0.991705 -0.12539 -0.0282685 0.123894 0.991054 -0.0496122 0.0342365 0.0456983 0.998368 -0.00832379 -0.00714805 0.000364996 1
0.991736 -0.125187 -0.0280772 0.123702 0.991082 -0.0495358 0.034028 0.0456532 0.998378 -0.00850218 -0.00727882 0.000305961 1
0.99176 -0.125034 -0.0278905 0.12356 0.991104 -0.0494649 0.0338272 0.0456112 0.998386 -0.00865232 -0.00738552 0.000252985 1
0.991767 -0.125004 -0.0277795 0.123537 0.991109 -0.0494132 0.0337094 0.0455746 0.998392 -0.00871056 -0.00743184 0.000226976 1
0.991769 -0.125007 -0.0276962 0.123544 0.991108 -0.0494117 0.0336268 0.0455833 0.998394 -0.0087533 -0.00744098 0.00018071 1
0.991763 -0.125068 -0.0276485 0.123606 0.991099 -0.0494461 0.0335865 0.0456213 0.998394 -0.00876127 -0.00740512 0.00013099 1
0.991745 -0.125204 -0.0276582 0.123739 0.991079 -0.0495168 0.0336112 0.0456857 0.99839 -0.00871806 -0.00731945 8.54843e-05 1
0.991708 -0.125489 -0.0276994 0.124019 0.99104 -0.0495973 0.0336751 0.0457508 0.998385 -0.00857158 -0.00716417 5.53192e-05 1
0.991658 -0.125867 -0.0277802 0.12439 0.990989 -0.0496857 0.0337837 0.0458156 0.998378 -0.00835617 -0.00696372 3.98072e-05 1
0.991595 -0.12634 -0.0278782 0.124855 0.990925 -0.049786 0.0339151 0.0458869 0.998371 -0.00807634 -0.00672269 2.69392e-05 1
0.991517 -0.126919 -0.0280144 0.125425 0.990849 -0.0498716 0.0340877 0.0459349 0.998363 -0.00771274 -0.0064472 4.31094e-05 1
0.991425 -0.127608 -0.0281485 0.126104 0.990759 -0.0499372 0.0342607 0.0459593 0.998356 -0.00726762 -0.00614195 7.47878e-05 1
0.99134 -0.128237 -0.0282979 0.126724 0.990677 -0.0499968 0.0344456 0.0459778 0.998348 -0.00685847 -0.00587048 0.000110458 1
0.991256 -0.128853 -0.0284218 0.127333 0.990598 -0.0500284 0.0346009 0.0459719 0.998343 -0.00645615 -0.00562175 0.00015378 1
0.991182 -0.129399 -0.0285202 0.127875 0.990528 -0.0500213 0.0347228 0.0459332 0.998341 -0.00609638 -0.00542 0.000209381 1
0.991134 -0.129765 -0.0285533 0.128239 0.990482 -0.0500032 0.0347702 0.0458982 0.998341 -0.00587003 -0.00530204 0.00023582 1
0.991111 -0.129939 -0.0285376 0.128416 0.990462 -0.0499496 0.0347558 0.0458409 0.998344 -0.00578006 -0.00527346 0.000256846 1
0.991106 -0.129992 -0.0284681 0.128474 0.990458 -0.0498643 0.0346784 0.0457635 0.99835 -0.00577755 -0.00530649 0.000270789 1
0.991128 -0.129857 -0.0283251 0.12835 0.99048 -0.0497531 0.0345162 0.0456762 0.99836 -0.00591483 -0.005423 0.000262152 1
0.991177 -0.129532 -0.028111 0.12804 0.990527 -0.0496145 0.0342714 0.0455774 0.998373 -0.00619856 -0.00562112 0.000232951 1
0.991239 -0.129113 -0.0278415 0.12764 0.990588 -0.0494337 0.033962 0.0454469 0.998389 -0.00655489 -0.00586087 0.000205136 1
0.99131 -0.128641 -0.0274997 0.12719 0.990654 -0.0492671 0.0335804 0.0453413 0.998407 -0.00696321 -0.00611565 0.00013464 1
0.991386 -0.128138 -0.0271184 0.126709 0.990724 -0.0490996 0.0331583 0.0452405 0.998426 -0.00740406 -0.00637604 4.93701e-05 1
0.991454 -0.127699 -0.026696 0.126295 0.990784 -0.0489459 0.0327004 0.045156 0.998445 -0.00781021 -0.00659777 -5.74424e-05 1
0.991505 -0.127381 -0.0262918 0.125999 0.990828 -0.0488304 0.0322707 0.0451028 0.998461 -0.00813182 -0.00675466 -0.000175704 1
0.991544 -0.127164 -0.0258991 0.125802 0.990856 -0.0487636 0.0318633 0.0450931 0.998475 -0.00838994 -0.00685192 -0.000314565 1
0.991562 -0.127089 -0.0255447 0.125744 0.990865 -0.0487354 0.0315051 0.0451121 0.998485 -0.00854927 -0.00687499 -0.000455114 1
0.991556 -0.127197 -0.0252648 0.125864 0.990849 -0.0487564 0.0312352 0.0451648 0.998491 -0.0085747 -0.0068059 -0.000588485 1
0.991525 -0.127471 -0.0250843 0.126144 0.99081 -0.0488262 0.0310776 0.0452482 0.998492 -0.0084741 -0.00665461 -0.000704412 1
0.991473 -0.127888 -0.0250255 0.12656 0.990751 -0.0489326 0.031052 0.0453482 0.998489 -0.00825983 -0.00643351 -0.00078785 1
0.991392 -0.12851 -0.0250578 0.127176 0.990666 -0.0490594 0.0311285 0.0454503 0.998481 -0.00788784 -0.00612547 -0.000835819 1
0.991299 -0.12919 -0.0252131 0.127844 0.990573 -0.0491966 0.0313311 0.0455452 0.998471 -0.00745718 -0.00579126 -0.000835361 1
0.991198 -0.129928 -0.0254105 0.128569 0.990473 -0.0493189 0.0315763 0.0456178 0.99846 -0.00697781 -0.00544009 -0.000802086 1
0.991104 -0.130596 -0.0256604 0.129221 0.990383 -0.0494296 0.031869 0.0456739 0.998448 -0.00653947 -0.00512184 -0.000742457 1
0.991012 -0.131238 -0.0259176 0.129849 0.990298 -0.049492 0.0321614 0.0456818 0.998438 -0.00611183 -0.00482868 -0.000647255 1
0.990933 -0.131779 -0.0261961 0.130376 0.990228 -0.049508 0.0324642 0.0456438 0.99843 -0.0057461 -0.00459092 -0.000518163 1
0.990864 -0.132247 -0.0264442 0.130834 0.990169 -0.0494784 0.0327276 0.0455666 0.998425 -0.00542674 -0.0043955 -0.000374758 1
0.990809 -0.132615 -0.0266707 0.131193 0.990125 -0.0494083 0.0329596 0.0454552 0.998423 -0.0051769 -0.00425354 -0.000220285 1
0.990764 -0.132911 -0.0268403 0.131485 0.990091 -0.0493058 0.0331277 0.0453213 0.998423 -0.00497767 -0.00414962 -7.26076e-05 1
0.990729 -0.133161 -0.0269231 0.131735 0.990064 -0.049177 0.033204 0.0451744 0.998427 -0.0048181 -0.00407179 5.63225e-05 1
0.990698 -0.133384 -0.0269324 0.131962 0.990041 -0.0490446 0.0332059 0.0450343 0.998433 -0.00468223 -0.00400506 0.000157408 1
0.990672 -0.133595 -0.0268669 0.13218 0.990017 -0.048934 0.033136 0.0449263 0.998441 -0.00456294 -0.00393872 0.000213984 1
0.99065 -0.13379 -0.0267169 0.132383 0.989994 -0.0488609 0.0329866 0.0448671 0.998448 -0.00446249 -0.00386887 0.000212162 1
0.990624 -0.134018 -0.0265128 0.132621 0.989963 -0.0488274 0.0327904 0.0448534 0.998455 -0.00434294 -0.00377726 0.00016731 1
0.990604 -0.134216 -0.0262766 0.132829 0.989935 -0.0488451 0.0325679 0.0448958 0.998461 -0.00424631 -0.00368539 7.58483e-05 1
0.990588 -0.134387 -0.0260016 0.133011 0.989907 -0.0489065 0.0323116 0.0449876 0.998465 -0.00417181 -0.00359394 -5.8584e-05 1
0.990574 -0.13454 -0.0257355 0.133174 0.989882 -0.0489809 0.032065 0.0450919 0.998468 -0.00410376 -0.00350557 -0.000195775 1
0.990564 -0.13466 -0.0254945 0.133302 0.98986 -0.0490635 0.0318429 0.0452021 0.99847 -0.00405193 -0.00342704 -0.000327086 1
0.990559 -0.134736 -0.0252782 0.133385 0.989845 -0.0491375 0.0316421 0.0453018 0.998472 -0.00402445 -0.00336606 -0.000440565 1
0.990558 -0.134774 -0.0251038 0.133429 0.989836 -0.0492081 0.0314807 0.0453939 0.998473 -0.00401413 -0.00332064 -0.000533434 1
0.990561 -0.134774 -0.0250086 0.133431 0.989833 -0.0492584 0.0313931 0.0454565 0.998473 -0.00401633 -0.00329616 -0.000579507 1
0.99057 -0.134712 -0.0249865 0.133369 0.98984 -0.0492994 0.0313738 0.0455021 0.998471 -0.00405101 -0.00329994 -0.000589739 1
0.990583 -0.134605 -0.0250361 0.133259 0.989853 -0.0493318 0.0314224 0.0455309 0.998469 -0.00410542 -0.00332652 -0.000562981 1
0.9906 -0.134453 -0.0251685 0.1331 0.989872 -0.0493641 0.0315508 0.0455501 0.998464 -0.00417923 -0.00337536 -0.000502423 1
0.99062 -0.134267 -0.0253695 0.132903 0.989897 -0.0494108 0.0317474 0.0455757 0.998456 -0.00426787 -0.00343767 -0.000423574 1
0.99064 -0.134072 -0.0256456 0.132694 0.989921 -0.0494875 0.0320221 0.0456213 0.998445 -0.00435144 -0.00349978 -0.000331658 1
0.990658 -0.133875 -0.0259714 0.132478 0.989944 -0.0496071 0.0323514 0.045703 0.998431 -0.00442942 -0.0035554 -0.000248103 1
0.990674 -0.133684 -0.0263398 0.132265 0.989964 -0.0497657 0.0327283 0.0458177 0.998414 -0.0044992 -0.00360228 -0.000173064 1
0.990679 -0.133573 -0.0267124 0.132131 0.989973 -0.0499444 0.0331158 0.0459493 0.998395 -0.00450968 -0.00361413 -0.000104009 1
0.990678 -0.133506 -0.027085 0.13204 0.989975 -0.0501538 0.0335093 0.0461099 0.998374 -0.0044907 -0.00360365 -5.32146e-05 1
0.990684 -0.133391 -0.0274133 0.131902 0.989981 -0.050393 0.0338606 0.0463077 0.998353 -0.00451475 -0.00360543 -4.60885e-05 1
0.990678 -0.133378 -0.0276924 0.131869 0.989974 -0.050611 0.0341652 0.0464874 0.998334 -0.00447004 -0.00357306 -3.91447e-05 1
0.990668 -0.133411 -0.0279154 0.131884 0.989962 -0.0508171 0.0344148 0.0466613 0.998318 -0.00439653 -0.00352582 -4.75001e-05 1
0.990666 -0.133379 -0.0281186 0.131835 0.989958 -0.0510189 0.0346411 0.0468357 0.998302 -0.00437206 -0.00350543 -7.13719e-05 1
0.990672 -0.133306 -0.0282703 0.131749 0.989961 -0.051181 0.0348092 0.046979 0.998289 -0.00437991 -0.00350916 -9.55029e-05 1
0.990673 -0.133277 -0.0283746 0.131712 0.98996 -0.0512956 0.0349263 0.0470799 0.99828 -0.00435514 -0.00350596 -0.000108048 1
0.990688 -0.133151 -0.0284446 0.13158 0.989973 -0.0513826 0.035001 0.0471614 0.998274 -0.00440146 -0.00354619 -0.000127725 1
0.990711 -0.132955 -0.0285392 0.131378 0.989999 -0.0514039 0.0350881 0.047177 0.99827 -0.00448779 -0.00362663 -0.000101937 1
0.990739 -0.13274 -0.0285845 0.131162 0.990029 -0.0513781 0.0351194 0.047153 0.99827 -0.00458858 -0.00372279 -6.85471e-05 1
0.990772 -0.132486 -0.0286001 0.130911 0.990066 -0.0513065 0.0351134 0.047089 0.998273 -0.00471682 -0.00384404 -2.3523e-05 1
0.990808 -0.132216 -0.0286055 0.130645 0.990108 -0.0511696 0.035088 0.046962 0.99828 -0.00485209 -0.00398335 5.61748e-05 1
0.990851 -0.131893 -0.028592 0.130329 0.990158 -0.0510011 0.0350373 0.0468081 0.998289 -0.0050246 -0.00415053 0.00014334 1
0.990899 -0.131564 -0.0284754 0.130013 0.99021 -0.0508096 0.0348814 0.046645 0.998302 -0.00521456 -0.00432418 0.000201485 1
0.990947 -0.13123 -0.0283346 0.129692 0.990262 -0.0506044 0.0346995 0.0464715 0.998317 -0.00540959 -0.00450464 0.000257289 1
0.990996 -0.1309 -0.0281303 0.129379 0.990313 -0.0504027 0.0344555 0.0463094 0.998333 -0.00560713 -0.00468152 0.000285279 1
0.991053 -0.130528 -0.0278734 0.129026 0.990369 -0.0502125 0.0341592 0.0461668 0.99835 -0.00584439 -0.00487465 0.000285241 1
0.991102 -0.130219 -0.0275784 0.128737 0.990417 -0.0500141 0.033827 0.0460187 0.998368 -0.00604234 -0.00504392 0.000282891 1
0.991155 -0.129873 -0.0272786 0.128411 0.990467 -0.0498651 0.0334947 0.0459211 0.998383 -0.00627205 -0.00521945 0.000246964 1
0.9912 -0.129592 -0.0269916 0.128147 0.990507 -0.0497363 0.0331808 0.0458397 0.998398 -0.00645617 -0.00536691 0.000210671 1
0.99124 -0.129332 -0.0267625 0.127902 0.990545 -0.0496188 0.0329267 0.0457612 0.99841 -0.00662199 -0.00550657 0.00019654 1
0.991276 -0.1291 -0.0265581 0.127682 0.990577 -0.0495415 0.0327036 0.0457184 0.998419 -0.00677252 -0.00562946 0.000169027 1
0.991313 -0.128842 -0.0264078 0.127432 0.990611 -0.0495024 0.0325379 0.0457072 0.998425 -0.006941 -0.00575925 0.000138687 1
0.991337 -0.128682 -0.0263183 0.127278 0.990633 -0.0494722 0.032438 0.0456939 0.998429 -0.00703541 -0.00585478 0.000135807 1
0.991364 -0.128483 -0.0262521 0.127081 0.990658 -0.0494681 0.0323626 0.0457048 0.998431 -0.00716268 -0.00596134 0.000123904 1
0.991391 -0.128283 -0.026224 0.126882 0.990682 -0.0494902 0.0323284 0.0457367 0.99843 -0.00729266 -0.0060636 0.000111724 1
0.991417 -0.128075 -0.0262487 0.126671 0.990706 -0.0495573 0.0323518 0.045807 0.998426 -0.00742544 -0.00615711 9.05936e-05 1
0.991439 -0.127893 -0.0262955 0.126483 0.990725 -0.0496556 0.0324022 0.0459045 0.99842 -0.00754263 -0.0062303 5.9489e-05 1
0.991452 -0.127786 -0.0263435 0.126371 0.990734 -0.0497718 0.0324595 0.0460173 0.998413 -0.00760612 -0.00626116 2.01356e-05 1
0.991467 -0.127653 -0.0263987 0.126231 0.990744 -0.0499147 0.0325262 0.0461565 0.998405 -0.00769583 -0.00629007 -3.6418e-05 1
0.991471 -0.127614 -0.0264376 0.126186 0.990743 -0.05006 0.0325812 0.0462971 0.998396 -0.00772253 -0.00627433 -9.82003e-05 1
0.991472 -0.127605 -0.0264504 0.126171 0.990737 -0.0502061 0.032612 0.0464407 0.998389 -0.00773823 -0.006242 -0.000172597 1
0.991469 -0.127634 -0.0264462 0.126195 0.990726 -0.0503589 0.0326285 0.0465919 0.998381 -0.00773228 -0.00618744 -0.000259507 1
0.991465 -0.127667 -0.0264208 0.126225 0.990715 -0.050506 0.0326234 0.04674 0.998374 -0.00773142 -0.00612602 -0.000355268 1
0.991449 -0.127801 -0.0263763 0.126356 0.990692 -0.05063 0.0326014 0.0468643 0.998369 -0.00766192 -0.00602586 -0.000440971 1
0.991442 -0.127856 -0.026365 0.126407 0.990679 -0.0507636 0.0326096 0.0469965 0.998363 -0.00764998 -0.00595054 -0.000529687 1
0.991418 -0.128047 -0.0263539 0.126597 0.99065 -0.0508418 0.0326177 0.0470692 0.998359 -0.00753608 -0.00583059 -0.000576988 1
0.991388 -0.128284 -0.0263296 0.126833 0.990617 -0.0509002 0.0326123 0.0471224 0.998357 -0.00739287 -0.00569699 -0.000619515 1
0.991363 -0.128473 -0.0263358 0.12702 0.990592 -0.0509293 0.0326311 0.0471443 0.998355 -0.00728062 -0.00559095 -0.00063698 1
0.991338 -0.128658 -0.0263835 0.127204 0.990569 -0.0509107 0.0326848 0.0471136 0.998355 -0.00716132 -0.00550003 -0.000611266 1
0.99131 -0.128867 -0.0264232 0.127412 0.990546 -0.0508456 0.0327257 0.0470371 0.998357 -0.00702201 -0.00541587 -0.00055995 1
0.991295 -0.128975 -0.026455 0.127521 0.990536 -0.0507703 0.0327527 0.0469548 0.99836 -0.00695402 -0.00538142 -0.000514605 1
0.99128 -0.12908 -0.0265139 0.127628 0.990528 -0.0506396 0.0327994 0.0468141 0.998365 -0.00687606 -0.00536599 -0.000424634 1
0.991276 -0.129096 -0.0265758 0.127646 0.990533 -0.050499 0.0328434 0.0466661 0.99837 -0.00685876 -0.00539694 -0.000336785 1
0.991279 -0.129071 -0.0265815 0.127625 0.990544 -0.0503484 0.0328286 0.0465169 0.998378 -0.00687355 -0.00545311 -0.000270342 1
0.991282 -0.129047 -0.0266036 0.127607 0.990557 -0.0501297 0.0328215 0.0462979 0.998388 -0.00687705 -0.00553159 -0.000153029 1
0.991286 -0.129011 -0.0266061 0.127579 0.990573 -0.0498889 0.0327914 0.0460598 0.9984 -0.00688818 -0.00562432 -3.33371e-05 1
0.991308 -0.128857 -0.0265536 0.127437 0.990606 -0.0496012 0.0326956 0.0457861 0.998416 -0.00699247 -0.00577698 9.00569e-05 1
0.991328 -0.12872 -0.0264439 0.127316 0.990638 -0.0492694 0.0325382 0.0454754 0.998435 -0.00708963 -0.00593185 0.000221977 1
0.991367 -0.128449 -0.026315 0.127062 0.990687 -0.0489336 0.0323554 0.0451675 0.998455 -0.00728912 -0.00613825 0.000342392 1
0.991416 -0.128116 -0.0261006 0.126748 0.990741 -0.0486487 0.0320916 0.0449229 0.998475 -0.00755184 -0.00635056 0.000390842 1
0.991466 -0.127767 -0.0258973 0.126418 0.990797 -0.048367 0.0318386 0.0446803 0.998494 -0.00782588 -0.00655889 0.000444209 1
0.991516 -0.127425 -0.025677 0.126092 0.990849 -0.0481468 0.0315772 0.0445006 0.99851 -0.0081056 -0.00674278 0.000452349 1
0.991562 -0.127108 -0.025468 0.12579 0.990896 -0.0479881 0.0313357 0.0443796 0.998523 -0.00837166 -0.00689347 0.000428554 1
0.991582 -0.126992 -0.0252748 0.125687 0.990915 -0.0478456 0.0311212 0.0442661 0.998535 -0.0084932 -0.00695337 0.000414891 1
0.991591 -0.126952 -0.0250946 0.125659 0.990924 -0.0477469 0.0309284 0.044192 0.998544 -0.00856481 -0.00696863 0.000385171 1
0.99159 -0.126997 -0.0249181 0.125712 0.990919 -0.047705 0.0307502 0.0441713 0.998551 -0.00858508 -0.00693196 0.000326178 1
0.991568 -0.127199 -0.0247601 0.125921 0.990893 -0.047704 0.0306025 0.0441839 0.998555 -0.00849178 -0.00682048 0.000257992 1
0.991533 -0.1275 -0.0246234 0.126227 0.990853 -0.0477263 0.0304832 0.044214 0.998557 -0.00833217 -0.00666122 0.000190174 1
0.991494 -0.127826 -0.0244824 0.126557 0.990806 -0.0478173 0.0303696 0.0443121 0.998556 -0.0081639 -0.00647444 7.87347e-05 1
0.99144 -0.128268 -0.0243598 0.127001 0.990745 -0.047916 0.0302805 0.0444121 0.998554 -0.00791306 -0.00623659 -2.4161e-05 1
0.991381 -0.128746 -0.0242468 0.127481 0.990678 -0.0480229 0.0302036 0.044518 0.998552 -0.0076365 -0.0059819 -0.000125064 1
0.991316 -0.129266 -0.0241361 0.128002 0.990606 -0.0481223 0.0301299 0.0446149 0.99855 -0.00733104 -0.0057122 -0.000218548 1
0.991249 -0.129798 -0.0240417 0.128535 0.990533 -0.0481965 0.0300699 0.0446845 0.998548 -0.00700963 -0.00544564 -0.00028783 1
0.991183 -0.130322 -0.0239464 0.129062 0.990463 -0.0482334 0.0300039 0.0447175 0.998549 -0.0066894 -0.00519417 -0.000333876 1
0.991117 -0.130835 -0.0238604 0.129578 0.990395 -0.0482492 0.0299439 0.0447288 0.99855 -0.00636746 -0.00495767 -0.000362586 1
0.991059 -0.131291 -0.0237827 0.130038 0.990335 -0.0482423 0.0298866 0.0447183 0.998552 -0.00607525 -0.00475644 -0.000375824 1
0.991011 -0.131659 -0.0237362 0.130408 0.990287 -0.0482325 0.0298559 0.0447036 0.998554 -0.00583312 -0.00460012 -0.000378266 1
0.990976 -0.131926 -0.0237042 0.130676 0.990251 -0.0482277 0.0298356 0.0446949 0.998555 -0.00565141 -0.00448902 -0.000382407 1
0.990952 -0.132103 -0.0237332 0.130852 0.990228 -0.0482227 0.0298717 0.0446809 0.998555 -0.00551446 -0.0044197 -0.000364736 1
0.990952 -0.132084 -0.0238166 0.130829 0.990232 -0.0482179 0.0299528 0.0446657 0.998553 -0.00550375 -0.00443298 -0.000330074 1
0.990955 -0.132041 -0.0239472 0.130781 0.990239 -0.048198 0.0300775 0.0446302 0.998551 -0.00549261 -0.00446196 -0.000264248 1
0.99097 -0.131893 -0.0241563 0.130625 0.990262 -0.0481582 0.0302728 0.0445679 0.998548 -0.00553693 -0.00453749 -0.000155006 1
0.990982 -0.13175 -0.0244272 0.130472 0.990284 -0.0481086 0.0305282 0.0444877 0.998543 -0.0055602 -0.00461462 -9.5102e-06 1
0.990993 -0.131606 -0.0247409 0.130316 0.990308 -0.0480368 0.030823 0.0443801 0.998539 -0.00557059 -0.00469828 0.00017369 1
0.991002 -0.13148 -0.0250724 0.130177 0.990329 -0.047976 0.0311378 0.0442805 0.998534 -0.00555805 -0.00477505 0.000360113 1
0.99102 -0.131275 -0.0254274 0.129958 0.99036 -0.0479384 0.0314754 0.0442034 0.998527 -0.00559646 -0.00487819 0.000542123 1
0.991042 -0.131049 -0.0257223 0.12972 0.990393 -0.0479051 0.0317531 0.0441393 0.998521 -0.00565376 -0.00498936 0.000703367 1
0.991075 -0.130757 -0.0259478 0.129418 0.990433 -0.0478928 0.0319619 0.0441072 0.998515 -0.00576909 -0.00512356 0.000825114 1
0.991123 -0.130361 -0.0261181 0.129014 0.990484 -0.0479216 0.0321167 0.0441266 0.99851 -0.0059672 -0.00528861 0.000893407 1
0.991171 -0.129973 -0.0261994 0.128622 0.990534 -0.0479517 0.0321838 0.0441585 0.998506 -0.00617258 -0.00544721 0.000928615 1
0.991227 -0.129541 -0.0262225 0.128188 0.990589 -0.0479769 0.0321907 0.0441946 0.998504 -0.00642022 -0.00562466 0.000944904 1
0.991283 -0.129121 -0.0261824 0.12777 0.990641 -0.0480167 0.0321373 0.0442528 0.998503 -0.0066733 -0.00579352 0.000926172 1
0.991337 -0.12872 -0.0261129 0.12737 0.99069 -0.0480628 0.0320564 0.0443204 0.998503 -0.00692303 -0.00595537 0.000892806 1
0.991388 -0.128348 -0.0259994 0.127002 0.990735 -0.0481069 0.031933 0.0443906 0.998504 -0.0071645 -0.00610786 0.000845968 1
0.991434 -0.128018 -0.0258849 0.126676 0.990775 -0.048137 0.0318086 0.0444457 0.998505 -0.00738138 -0.00624971 0.000812883 1
0.991475 -0.127729 -0.0257442 0.126392 0.990809 -0.0481907 0.031663 0.044526 0.998506 -0.0075798 -0.00637125 0.000753516 1
0.991506 -0.127513 -0.0256219 0.126179 0.990833 -0.0482621 0.031541 0.0446192 0.998506 -0.00772902 -0.00646224 0.000693469 1
0.991531 -0.127347 -0.0254938 0.126017 0.99085 -0.0483301 0.0314152 0.0447081 0.998506 -0.00784917 -0.00653412 0.000637659 1
0.99155 -0.127217 -0.0253868 0.125889 0.990862 -0.0484274 0.0313156 0.0448223 0.998504 -0.0079465 -0.00658442 0.000573716 1
0.991572 -0.127062 -0.0253034 0.125734 0.990875 -0.0485601 0.0312426 0.0449693 0.9985 -0.00806872 -0.00663662 0.000497428 1
0.991583 -0.126983 -0.0252486 0.125652 0.990878 -0.0487168 0.0312045 0.0451342 0.998493 -0.00813526 -0.00665314 0.00042288 1
0.991595 -0.126892 -0.025251 0.125555 0.99088 -0.0489178 0.031228 0.0453362 0.998484 -0.00820841 -0.00666345 0.000342964 1
0.9916 -0.12685 -0.0252789 0.125504 0.990874 -0.0491579 0.0312839 0.0455724 0.998471 -0.00824625 -0.00664536 0.000251774 1
0.991593 -0.126881 -0.0253676 0.125524 0.990859 -0.0494097 0.0314049 0.0458101 0.998456 -0.00822285 -0.00659259 0.000184815 1
0.991583 -0.126937 -0.0254953 0.125563 0.990839 -0.049726 0.0315738 0.0461062 0.998437 -0.008181 -0.00651481 9.04157e-05 1
0.991558 -0.127096 -0.0256867 0.125703 0.990805 -0.0500346 0.0318097 0.0463833 0.998417 -0.00805533 -0.00639538 3.60227e-05 1
0.991528 -0.127283 -0.025926 0.125869 0.990769 -0.0503336 0.0320933 0.0466439 0.998396 -0.00790622 -0.00626362 1.07081e-05 1
0.991493 -0.127482 -0.0262602 0.126044 0.990732 -0.050623 0.0324703 0.0468824 0.998373 -0.00773742 -0.00612589 3.07901e-05 1
0.99146 -0.127662 -0.0266322 0.126196 0.990698 -0.0509109 0.0328838 0.0471152 0.998348 -0.00758192 -0.00599547 6.4335e-05 1
0.991416 -0.12792 -0.0270424 0.126428 0.990657 -0.05113 0.0333304 0.0472721 0.998326 -0.00736428 -0.005845 0.000164228 1
0.991386 -0.128072 -0.0274181 0.126554 0.990629 -0.0513567 0.0337385 0.0474444 0.998304 -0.00723716 -0.00573166 0.000233559 1
0.991348 -0.128284 -0.0277779 0.126742 0.990596 -0.0515415 0.0341286 0.047575 0.998284 -0.00706935 -0.00560111 0.000325158 1
0.991306 -0.128545 -0.0280741 0.126983 0.990556 -0.0517119 0.0344563 0.0476974 0.998267 -0.00687579 -0.00545073 0.000398137 1
0.991264 -0.128822 -0.0282983 0.127244 0.990515 -0.0518615 0.0347107 0.0478077 0.998253 -0.0066833 -0.00529636 0.000450386 1
0.991223 -0.129102 -0.0284464 0.127511 0.990472 -0.0520156 0.0348906 0.0479318 0.998241 -0.00649781 -0.00513919 0.000459876 1
0.99118 -0.129414 -0.0285355 0.127815 0.990427 -0.0521277 0.0350084 0.0480207 0.998233 -0.00629504 -0.00497691 0.000470821 1
0.991146 -0.129668 -0.0285486 0.128064 0.990389 -0.0522439 0.0350486 0.0481253 0.998226 -0.00614243 -0.00483799 0.000436313 1
0.991123 -0.129862 -0.0284878 0.128258 0.990359 -0.0523331 0.0350092 0.0482148 0.998223 -0.00603973 -0.00473093 0.000380589 1
0.991102 -0.130049 -0.0283673 0.12845 0.990333 -0.0523606 0.0349025 0.0482509 0.998225 -0.00594436 -0.00464197 0.000337497 1
0.99109 -0.130177 -0.0281832 0.128586 0.990315 -0.0523603 0.0347263 0.0482698 0.99823 -0.00589427 -0.00458517 0.000279566 1
0.991081 -0.130291 -0.0279855 0.128711 0.990301 -0.0523263 0.0345317 0.0482575 0.998238 -0.00584953 -0.00454384 0.00023346 1
0.99107 -0.130419 -0.0277511 0.128853 0.990286 -0.0522492 0.0342958 0.0482068 0.998248 -0.00579345 -0.00450667 0.00019956 1
0.991071 -0.130458 -0.0275335 0.128906 0.990285 -0.0521445 0.0340687 0.0481297 0.99826 -0.00579484 -0.00451141 0.00018352 1
0.99107 -0.130512 -0.0273165 0.128973 0.99028 -0.0520622 0.0338458 0.0480742 0.99827 -0.00577881 -0.0045082 0.000149694 1
0.991078 -0.130491 -0.0271294 0.128964 0.990286 -0.0519702 0.0336475 0.0480078 0.99828 -0.00581143 -0.00453776 0.000129786 1
0.991086 -0.130464 -0.0269837 0.128947 0.990293 -0.0518802 0.0334903 0.0479382 0.998289 -0.0058368 -0.00457136 0.000124245 1
0.991103 -0.130358 -0.0268804 0.128849 0.990309 -0.0518195 0.033375 0.0478949 0.998295 -0.00591182 -0.0046314 0.000110166 1
0.991111 -0.130303 -0.0268219 0.128799 0.99032 -0.0517463 0.033305 0.0478317 0.9983 -0.00593873 -0.00467277 0.000126218 1
0.991137 -0.13011 -0.0268304 0.128607 0.990347 -0.0516985 0.0332979 0.0477897 0.998302 -0.00605768 -0.00476204 0.000143935 1
0.991151 -0.129983 -0.0268935 0.128477 0.990365 -0.0516716 0.0333508 0.0477592 0.998302 -0.00611672 -0.00481834 0.000172356 1
0.991174 -0.129799 -0.0269675 0.128291 0.99039 -0.0516595 0.0334136 0.0477439 0.998301 -0.00621565 -0.00489045 0.000192789 1
0.991183 -0.129705 -0.0270689 0.128192 0.990404 -0.0516396 0.033507 0.0477142 0.998299 -0.00624146 -0.00492773 0.000234626 1
0.991196 -0.129578 -0.027191 0.12806 0.990421 -0.0516469 0.0336229 0.0477101 0.998295 -0.00628931 -0.00497188 0.000262617 1
0.991201 -0.129523 -0.0272957 0.128 0.990428 -0.0516471 0.0337239 0.0476988 0.998292 -0.00628593 -0.00498843 0.000293003 1
0.991205 -0.129471 -0.0273943 0.127943 0.990436 -0.0516392 0.033818 0.0476801 0.99829 -0.00628376 -0.00500775 0.000326801 1
0.9912 -0.129489 -0.0274923 0.127956 0.990434 -0.051642 0.0339164 0.0476697 0.998287 -0.00623037 -0.00500031 0.000353743 1
0.991203 -0.129441 -0.0275864 0.127904 0.990441 -0.0516516 0.0340086 0.0476688 0.998284 -0.00622635 -0.00501887 0.000369446 1
0.991194 -0.1295 -0.0276495 0.12796 0.990433 -0.0516656 0.0340756 0.0476726 0.998282 -0.00614792 -0.00499816 0.000373294 1
0.991188 -0.129525 -0.0277368 0.12798 0.99043 -0.0516593 0.0341625 0.0476543 0.99828 -0.00609074 -0.00499812 0.00039511 1
0.991185 -0.129538 -0.0277897 0.127991 0.990429 -0.0516539 0.0342149 0.0476417 0.998278 -0.00604552 -0.00500442 0.00039714 1
0.991189 -0.129495 -0.0278514 0.127946 0.990436 -0.051629 0.0342708 0.0476106 0.998278 -0.0060392 -0.00503692 0.000409965 1
0.991196 -0.129441 -0.0278661 0.127893 0.990445 -0.0515902 0.0342777 0.0475721 0.998279 -0.00604879 -0.00507834 0.000408743 1
0.99122 -0.129252 -0.0278722 0.127706 0.990473 -0.0515197 0.0342657 0.0475079 0.998283 -0.00615922 -0.00517825 0.000413234 1
0.991243 -0.129093 -0.0277987 0.127553 0.990497 -0.0514361 0.0341746 0.0474398 0.998289 -0.00625916 -0.00526812 0.000393904 1
0.991269 -0.128902 -0.0277331 0.127371 0.990527 -0.0513062 0.0340839 0.0473259 0.998298 -0.00638238 -0.00537527 0.000404377 1
0.991303 -0.128673 -0.027591 0.127153 0.990563 -0.0511521 0.0339125 0.0471989 0.99831 -0.00654664 -0.00550029 0.000396713 1
0.991339 -0.128428 -0.0274349 0.126923 0.990603 -0.0509508 0.0337206 0.0470274 0.998324 -0.00672746 -0.00563634 0.000414589 1
0.991367 -0.128255 -0.0272306 0.126766 0.990633 -0.0507645 0.0334864 0.0468744 0.998339 -0.00686553 -0.00573622 0.000404879 1
0.991396 -0.128079 -0.0270179 0.126607 0.990664 -0.0505613 0.0332415 0.0467056 0.998355 -0.00701273 -0.00583527 0.000403097 1
0.991413 -0.128005 -0.0267519 0.126551 0.99068 -0.0503863 0.0329523 0.0465681 0.998371 -0.0070996 -0.00588625 0.000367117 1
0.991423 -0.127977 -0.0264962 0.12654 0.990689 -0.0502277 0.0326775 0.046444 0.998386 -0.00715689 -0.00591082 0.000325928 1
0.991423 -0.128029 -0.0262572 0.126607 0.990687 -0.0501062 0.0324277 0.0463521 0.998399 -0.00715791 -0.00589487 0.000271784 1
0.991411 -0.128165 -0.0260474 0.126756 0.990673 -0.0499996 0.0322127 0.0462684 0.99841 -0.00709858 -0.00584211 0.000228049 1
0.991396 -0.128314 -0.0258582 0.126917 0.990658 -0.0498964 0.032019 0.0461853 0.99842 -0.00702729 -0.0057832 0.000195358 1
0.991381 -0.128464 -0.0257017 0.127078 0.990642 -0.0497975 0.0318584 0.0461021 0.998429 -0.0069512 -0.00572479 0.000176635 1
0.991366 -0.128604 -0.0255848 0.127225 0.990628 -0.0496957 0.031736 0.0460116 0.998437 -0.00687802 -0.00567397 0.000179183 1
0.991354 -0.128711 -0.025502 0.127339 0.990617 -0.0496205 0.0316494 0.0459441 0.998443 -0.0068248 -0.00563235 0.000178354 1
0.991353 -0.128731 -0.0254541 0.127364 0.990619 -0.0495282 0.0315912 0.045858 0.998448 -0.00682854 -0.00563176 0.000202486 1
0.991342 -0.128814 -0.0254456 0.127449 0.990611 -0.0494605 0.0315779 0.0457893 0.998452 -0.00678076 -0.00560548 0.000230958 1
0.991346 -0.12878 -0.0254807 0.127415 0.990617 -0.0494234 0.0316064 0.0457491 0.998453 -0.00681124 -0.00561939 0.00025368 1
