NO_OF_FRAMES	31286
FREQUENCY	100
DATA_INCLUDED	6DOF(row-major-order)
ORDER	R11 R12 R13 R21 R22 R23 R31 R32 R33 Tx Ty Tz RMS
SOURCE_FILE	/afs/inf.ed.ac.uk/group/cstr/projects/galatea/DB/MotionCapture/Recordings_October_2014/Markers/Bria/CSTR/Bria_03_i.tsv.gz,Head/Bria_03_i.dof.gz
RIGID_BODY_MARKERS	 1 2 3 4
PROGRAM_NAME	EstimateRigidBodyWithSegment,nm-head-orientation
REFERENCE_FRAME	3
SEGMENT_HALF_WIDTH	2
SEGMENT_WINDOW_TYPE	rectangle
REFERENCE_MARKER_1	-0.0582422 0.760164 0.00693443
REFERENCE_MARKER_2	-0.0280115 0.798776 0.141239
REFERENCE_MARKER_3	-0.00944113 0.776031 0.0750366
REFERENCE_MARKER_4	-0.0523818 0.7607 0.209232
REFERENCE_CENTRE	-0.0370191 0.773918 0.10811
NOTES	Normalised_Head_Orientation
END_OF_HEADER
0.997216 -0.0498635 0.055451 0.044452 0.994496 0.0948733 -0.0598766 -0.0921442 0.993944 0 0 0 1
0.997216 -0.0498635 0.055451 0.044452 0.994496 0.0948733 -0.0598766 -0.0921442 0.993944 0 0 0 1
0.997216 -0.0498635 0.055451 0.044452 0.994496 0.0948733 -0.0598766 -0.0921442 0.993944 -4.89597e-16 4.25937e-16 4.25072e-17 1
0.997207 -0.0500039 0.0554754 0.0445909 0.994492 0.094855 -0.0599129 -0.0921164 0.993944 6.96075e-05 2.49351e-05 -4.25973e-06 1
0.997198 -0.050187 0.055474 0.0447728 0.994483 0.0948679 -0.0599291 -0.0921184 0.993943 0.000177102 5.49521e-05 2.50816e-05 1
0.997195 -0.0503053 0.0554219 0.0448926 0.994472 0.0949184 -0.0598905 -0.0921641 0.993941 0.000243475 7.27148e-05 8.43361e-05 1
0.997194 -0.0503932 0.055365 0.04498 0.99446 0.0950095 -0.059846 -0.0922525 0.993936 0.000292961 9.01854e-05 0.000175081 1
0.997196 -0.0504391 0.0552899 0.0450273 0.994449 0.0950994 -0.0597797 -0.0923431 0.993931 0.000316031 0.000101079 0.000271249 1
0.997198 -0.0504788 0.0552021 0.0450683 0.994436 0.0952116 -0.0597011 -0.092457 0.993925 0.000338683 0.000107026 0.000385008 1
0.997205 -0.0504736 0.0550806 0.0450786 0.994443 0.0951421 -0.0595766 -0.0923932 0.993939 0.000333144 0.000108097 0.000367061 1
0.997211 -0.050495 0.0549673 0.0451147 0.994448 0.0950715 -0.0594627 -0.0923265 0.993952 0.000349418 0.000109813 0.000349837 1
0.997217 -0.0504726 0.0548712 0.0451061 0.994456 0.0949911 -0.0593615 -0.0922517 0.993965 0.000330639 0.000109744 0.00031877 1
0.997221 -0.0504883 0.0547851 0.0451358 0.994464 0.0948886 -0.0592726 -0.0921521 0.993979 0.000339304 0.000115227 0.000267529 1
0.997221 -0.0505558 0.0547194 0.0452182 0.994475 0.0947377 -0.0592066 -0.0920001 0.993997 0.000383604 0.000130214 0.000181987 1
0.997219 -0.0506342 0.0546819 0.0453048 0.994479 0.0946537 -0.0591727 -0.0919132 0.994007 0.00042812 0.000139586 0.000135502 1
0.997216 -0.0507001 0.0546795 0.0453742 0.994481 0.094595 -0.0591737 -0.0918506 0.994013 0.000457407 0.000157772 9.91021e-05 1
0.997205 -0.0508977 0.0546946 0.0455761 0.994482 0.0944897 -0.0592021 -0.0917328 0.994022 0.000578561 0.000180154 1.67414e-05 1
0.9972 -0.0509512 0.0547321 0.0456261 0.99448 0.0944896 -0.0592443 -0.0917278 0.99402 0.000583469 0.000189449 1.16274e-05 1
0.99719 -0.0510627 0.0548095 0.0457252 0.994467 0.0945711 -0.0593353 -0.0917992 0.994008 0.000626121 0.000204579 4.9564e-05 1
0.997178 -0.0512239 0.0548771 0.0458735 0.994451 0.0946767 -0.0594223 -0.0918922 0.993994 0.000708844 0.000230111 0.000106737 1
0.997162 -0.051475 0.054936 0.0461088 0.994424 0.0948374 -0.0595115 -0.0920352 0.993976 0.000857843 0.000254728 0.000201247 1
0.997153 -0.0515985 0.0549902 0.0462166 0.994403 0.0950122 -0.0595849 -0.0922003 0.993956 0.000912783 0.000278685 0.000316846 1
0.997133 -0.0518805 0.0550844 0.0464825 0.99438 0.0951216 -0.0597097 -0.0922884 0.99394 0.0010839 0.000313789 0.000366838 1
0.997117 -0.0520876 0.0551812 0.0466723 0.994359 0.0952502 -0.0598313 -0.0924001 0.993923 0.00119845 0.000336569 0.000431927 1
0.997102 -0.0522416 0.0553114 0.0468092 0.994345 0.0953257 -0.0599785 -0.0924603 0.993908 0.00126708 0.000354693 0.000451388 1
0.997085 -0.0524069 0.0554582 0.0469586 0.994335 0.0953565 -0.0601414 -0.0924743 0.993897 0.00134644 0.000370943 0.000430606 1
0.997067 -0.052594 0.0555924 0.0471275 0.994319 0.0954427 -0.0602963 -0.0925429 0.993881 0.00144657 0.000387798 0.000452599 1
0.997043 -0.0528878 0.0557473 0.0473992 0.994295 0.095557 -0.0604831 -0.092632 0.993862 0.00162939 0.000406356 0.000490119 1
0.997016 -0.0532352 0.0559086 0.0477264 0.994273 0.0956253 -0.060679 -0.0926717 0.993846 0.00185654 0.000434158 0.000489539 1
0.996987 -0.0536461 0.0560351 0.0481239 0.994252 0.0956358 -0.0608435 -0.092651 0.993838 0.00213967 0.000470178 0.000453241 1
0.996962 -0.0539456 0.056179 0.0484056 0.994233 0.0956926 -0.0610173 -0.0926826 0.993824 0.00234106 0.000508366 0.000457296 1
0.996937 -0.0542485 0.0563335 0.0486976 0.994226 0.0956226 -0.0611956 -0.0925864 0.993822 0.00254525 0.000540731 0.000354128 1
0.996918 -0.0544748 0.0564611 0.0489116 0.994215 0.095621 -0.0613434 -0.0925646 0.993815 0.00269901 0.000569545 0.000318749 1
0.996903 -0.0546186 0.0565719 0.0490468 0.994212 0.0955882 -0.0614653 -0.0925175 0.993812 0.00280004 0.000592659 0.000261666 1
0.996898 -0.0545713 0.0567152 0.0489749 0.994198 0.0957715 -0.0616125 -0.0926968 0.993786 0.00275668 0.000593724 0.000370192 1
0.996891 -0.0545914 0.0568208 0.0489861 0.994199 0.0957556 -0.0617186 -0.0926744 0.993782 0.00277182 0.000596577 0.000327544 1
0.996882 -0.0546308 0.0569364 0.0490097 0.99419 0.0958341 -0.0618411 -0.0927448 0.993768 0.00280427 0.00059975 0.000368136 1
0.996885 -0.0545376 0.0569712 0.0489147 0.994196 0.0958165 -0.0618662 -0.0927313 0.993767 0.00274298 0.000600546 0.00034625 1
0.99689 -0.0544497 0.0569772 0.0488247 0.994198 0.0958441 -0.0618653 -0.0927641 0.993764 0.00268139 0.000597912 0.000365823 1
0.996891 -0.0545043 0.0568967 0.048893 0.994205 0.0957412 -0.0617853 -0.0926617 0.993779 0.00273609 0.000613019 0.000292722 1
0.996894 -0.0545435 0.0568079 0.0489379 0.994199 0.0957821 -0.0617027 -0.0927045 0.99378 0.00277402 0.000627276 0.000329671 1
0.996901 -0.0545681 0.0566686 0.0489728 0.994193 0.0958232 -0.0615685 -0.092751 0.993784 0.00280008 0.000644271 0.000377352 1
0.996895 -0.0547795 0.0565657 0.0491935 0.994183 0.0958179 -0.0614854 -0.0927377 0.99379 0.0029608 0.000669792 0.000372985 1
0.996889 -0.0549857 0.0564724 0.0494075 0.994171 0.0958243 -0.0614122 -0.092736 0.993795 0.00311266 0.000696402 0.000379851 1
0.996881 -0.0551805 0.056415 0.0496045 0.994157 0.0958664 -0.0613754 -0.092769 0.993794 0.0032483 0.000721986 0.000403294 1
0.996872 -0.0553517 0.0564115 0.0497698 0.99414 0.0959598 -0.0613924 -0.092852 0.993785 0.00335727 0.000744459 0.000458938 1
0.996859 -0.0555691 0.0564316 0.0499829 0.994127 0.095989 -0.0614341 -0.0928669 0.993781 0.00349835 0.000769818 0.000461219 1
0.996846 -0.0557394 0.0564929 0.0501468 0.994118 0.095993 -0.0615112 -0.0928573 0.993778 0.00359916 0.000796975 0.000448385 1
0.996833 -0.0558752 0.0565798 0.0502746 0.994112 0.0959857 -0.0616099 -0.0928372 0.993773 0.00366691 0.000823309 0.000418439 1
0.99682 -0.0560141 0.0566717 0.05041 0.994114 0.095898 -0.0617097 -0.0927362 0.993777 0.00373551 0.000847539 0.00033384 1
0.996808 -0.0561702 0.0567379 0.0505698 0.994122 0.0957311 -0.0617817 -0.0925563 0.993789 0.00381979 0.000882021 0.000201871 1
0.996799 -0.0562479 0.0568155 0.0506457 0.994127 0.0956419 -0.0618614 -0.0924582 0.993793 0.0038403 0.000908208 0.000118131 1
0.996794 -0.0562553 0.056899 0.0506532 0.994138 0.0955168 -0.0619388 -0.0923284 0.9938 0.00380321 0.000927223 4.2913e-06 1
0.996789 -0.0562547 0.0569848 0.0506597 0.994161 0.0952737 -0.0620117 -0.0920809 0.993819 0.00376147 0.000945691 -0.000191513 1
0.996775 -0.0563769 0.0571018 0.0507759 0.994163 0.095192 -0.0621351 -0.0919856 0.99382 0.00381176 0.000964964 -0.000275221 1
0.996767 -0.0563819 0.0572468 0.0507706 0.994168 0.0951433 -0.0622773 -0.0919293 0.993816 0.00376704 0.000969573 -0.000345392 1
0.996757 -0.0564303 0.0573725 0.0508028 0.99416 0.0952142 -0.0624104 -0.0919908 0.993802 0.00375794 0.000973484 -0.000322086 1
0.996749 -0.0564601 0.0574702 0.0508265 0.994163 0.0951673 -0.0625079 -0.0919369 0.993801 0.00373635 0.000980773 -0.000382095 1
0.996731 -0.0566843 0.0575736 0.0510238 0.994127 0.0954335 -0.0626451 -0.0921839 0.993769 0.00386053 0.000987589 -0.00021685 1
0.996722 -0.0567982 0.0576201 0.0511257 0.994111 0.0955506 -0.0627079 -0.0922915 0.993756 0.00390495 0.00100617 -0.000150507 1
0.996705 -0.0570698 0.0576315 0.0513868 0.994084 0.095689 -0.0627516 -0.0924123 0.993742 0.00407199 0.00103416 -7.01022e-05 1
0.996687 -0.0573664 0.0576468 0.051679 0.994065 0.0957247 -0.062796 -0.0924285 0.993737 0.00425425 0.00106424 -8.03298e-05 1
0.996669 -0.0577128 0.0576238 0.0520166 0.994033 0.0958828 -0.0628136 -0.092566 0.993723 0.00447892 0.00109582 1.78824e-05 1
0.996659 -0.0579391 0.0575636 0.052249 0.994022 0.0958646 -0.0627738 -0.0925367 0.993729 0.00461786 0.00113399 -1.10423e-05 1
0.996648 -0.0581519 0.0575401 0.0524661 0.994015 0.0958233 -0.0627681 -0.0924832 0.993734 0.00473993 0.00115571 -6.15981e-05 1
0.99664 -0.0582976 0.0575281 0.052611 0.994005 0.0958462 -0.0627708 -0.0924976 0.993732 0.00481166 0.00116915 -6.72932e-05 1
0.996634 -0.0584001 0.0575263 0.052714 0.994 0.095836 -0.0627779 -0.092481 0.993733 0.00485267 0.00118381 -8.32536e-05 1
0.996628 -0.0584655 0.057564 0.0527721 0.993992 0.0958951 -0.0628247 -0.092534 0.993726 0.00486097 0.00119277 -6.26002e-05 1
0.996622 -0.0585119 0.0576311 0.0528114 0.993988 0.0959069 -0.0628963 -0.0925394 0.993721 0.00485041 0.00119845 -6.99843e-05 1
0.996611 -0.0585987 0.0577223 0.0528831 0.993975 0.0960064 -0.0630003 -0.0926285 0.993706 0.00486823 0.0012148 -2.14013e-05 1
0.996601 -0.0587084 0.0577954 0.0529898 0.993975 0.0959429 -0.0630798 -0.0925542 0.993708 0.00490037 0.00122775 -8.52031e-05 1
0.996587 -0.05883 0.0579003 0.0530997 0.993967 0.0959682 -0.0631968 -0.0925662 0.993699 0.00493724 0.00124556 -8.86808e-05 1
0.996575 -0.0589803 0.0579656 0.0532376 0.993951 0.0960611 -0.0632806 -0.0926462 0.993686 0.00499756 0.00125877 -4.06574e-05 1
0.996562 -0.0591664 0.0579987 0.0534154 0.993934 0.0961371 -0.0633349 -0.0927086 0.993677 0.00508807 0.00128048 -1.24119e-05 1
0.996552 -0.0593332 0.0579931 0.053578 0.993919 0.0962018 -0.0633484 -0.092763 0.993671 0.00516586 0.00129076 1.87983e-05 1
0.996529 -0.0596965 0.0580161 0.0539394 0.993901 0.0961835 -0.063404 -0.0927203 0.993671 0.00540309 0.00132602 -2.43248e-05 1
0.996528 -0.0598105 0.0579277 0.0540638 0.993898 0.0961453 -0.0633247 -0.0926796 0.99368 0.00545565 0.00133952 -4.81414e-05 1
0.996522 -0.0599737 0.057858 0.0542395 0.993898 0.096045 -0.0632651 -0.0925727 0.993694 0.00554805 0.00136467 -0.000119407 1
0.996522 -0.0600593 0.0577724 0.0543349 0.993896 0.0960122 -0.0631862 -0.0925391 0.993702 0.00558681 0.00138117 -0.000128916 1
0.996522 -0.0601514 0.0576756 0.0544389 0.993895 0.0959619 -0.0630957 -0.0924883 0.993713 0.00563769 0.00139945 -0.000151823 1
0.996541 -0.059953 0.0575526 0.0542403 0.993888 0.0961532 -0.0629655 -0.0926989 0.993701 0.00546625 0.00139292 2.26014e-05 1
0.996544 -0.0599702 0.0574855 0.0542543 0.993872 0.0963026 -0.0629085 -0.0928509 0.993691 0.00546599 0.00139787 0.000147987 1
0.996557 -0.0598055 0.0574282 0.0540948 0.99388 0.0963103 -0.0628367 -0.0928722 0.993693 0.00532993 0.00139013 0.00018286 1
0.996559 -0.0598091 0.0573932 0.0541086 0.99389 0.096202 -0.0627963 -0.0927655 0.993706 0.00532454 0.0013953 0.000119714 1
0.996566 -0.05971 0.0573711 0.0540181 0.993905 0.0961027 -0.0627597 -0.0926735 0.993717 0.00524379 0.00139989 7.19887e-05 1
0.996568 -0.0596878 0.057359 0.0540062 0.993919 0.095957 -0.0627376 -0.0925299 0.993731 0.00522163 0.00140615 -2.14708e-05 1
0.996563 -0.0597735 0.0573533 0.0541041 0.993932 0.0957698 -0.0627298 -0.0923376 0.99375 0.00528323 0.00142016 -0.000144635 1
0.996556 -0.0599207 0.0573207 0.0542606 0.993934 0.0956645 -0.0627053 -0.0922248 0.993762 0.00539626 0.00144104 -0.000219517 1
0.996561 -0.0598715 0.0572799 0.0542162 0.993938 0.0956483 -0.0626592 -0.0922139 0.993766 0.00536186 0.00144492 -0.000212016 1
0.99656 -0.0599021 0.0572699 0.0542479 0.993936 0.0956451 -0.062652 -0.0922093 0.993767 0.00538597 0.00145146 -0.00021153 1
0.996558 -0.059934 0.0572689 0.0542762 0.993929 0.0957032 -0.0626571 -0.0922655 0.993761 0.00541439 0.00145735 -0.000160073 1
0.996565 -0.0598068 0.0572757 0.054148 0.993935 0.0957131 -0.0626526 -0.092283 0.99376 0.00532085 0.00145121 -0.000150033 1
0.996567 -0.0597364 0.0573301 0.0540707 0.993936 0.0957447 -0.0627019 -0.0923161 0.993754 0.00526898 0.00144574 -0.000122856 1
0.99656 -0.0597621 0.0574146 0.0540815 0.993925 0.0958559 -0.0627944 -0.0924211 0.993738 0.00528883 0.00144605 -5.86625e-05 1
0.996559 -0.0597013 0.057501 0.0540078 0.993921 0.0959366 -0.062879 -0.092501 0.993725 0.00524322 0.00143538 -3.23565e-06 1
0.996553 -0.0597108 0.0575849 0.0540131 0.993926 0.0958794 -0.0629602 -0.0924386 0.993726 0.00525221 0.0014336 -5.66472e-05 1
0.996543 -0.0597959 0.0576733 0.0540821 0.993911 0.0960002 -0.0630626 -0.0925493 0.993709 0.00532211 0.00143723 2.10442e-05 1
0.996535 -0.0598232 0.0577921 0.0540955 0.993906 0.0960441 -0.0631856 -0.092585 0.993698 0.00534453 0.00144132 2.90238e-05 1
0.996531 -0.0597836 0.0578926 0.0540598 0.993928 0.0958379 -0.0632706 -0.0923758 0.993712 0.00531838 0.00144282 -0.000135892 1
0.996524 -0.059825 0.0579716 0.0540982 0.993933 0.0957683 -0.0633492 -0.0922992 0.993714 0.00535806 0.00145162 -0.000197092 1
0.996526 -0.0597141 0.0580537 0.0539822 0.993942 0.0957334 -0.0634186 -0.092267 0.993713 0.00528038 0.00144741 -0.000217614 1
0.996519 -0.0597324 0.0581537 0.053996 0.993949 0.0956581 -0.0635156 -0.0921851 0.993714 0.00529666 0.00145531 -0.000264392 1
0.996512 -0.0597999 0.0581981 0.0540548 0.993939 0.0957278 -0.0635699 -0.092248 0.993705 0.00535763 0.00146108 -0.000190011 1
0.996505 -0.059851 0.0582748 0.0540879 0.993921 0.0958956 -0.06366 -0.0924084 0.993684 0.00540219 0.00146418 -4.49928e-05 1
0.996505 -0.0597856 0.0583463 0.054018 0.993928 0.0958651 -0.0637234 -0.0923783 0.993683 0.00535881 0.00145947 -7.14447e-05 1
0.99649 -0.0599014 0.058483 0.0541207 0.993922 0.0958676 -0.0638701 -0.0923659 0.993675 0.0054456 0.00146702 -8.48275e-05 1
0.996487 -0.0598918 0.0585404 0.054108 0.993926 0.095832 -0.0639244 -0.0923278 0.993675 0.00545073 0.00147277 -0.000125168 1
0.996484 -0.0598908 0.0585961 0.0541085 0.993936 0.0957303 -0.0639741 -0.0922231 0.993681 0.0054653 0.00148165 -0.000218095 1
0.996479 -0.0599504 0.0586091 0.0541698 0.993937 0.0956817 -0.0639899 -0.09217 0.993685 0.00553552 0.00149478 -0.000267448 1
0.996472 -0.0600535 0.0586208 0.0542687 0.993927 0.095727 -0.0640135 -0.092208 0.99368 0.00564232 0.00150012 -0.000239098 1
0.996479 -0.0600569 0.0585042 0.0542791 0.993921 0.0957855 -0.0639011 -0.0922727 0.993681 0.00569993 0.0014979 -0.0002057 1
0.996488 -0.0599941 0.0584139 0.0542257 0.993925 0.0957723 -0.0638048 -0.0922684 0.993688 0.00570887 0.00147927 -0.000232458 1
0.996485 -0.0600615 0.0583938 0.0543021 0.993932 0.0956582 -0.0637848 -0.0921511 0.9937 0.0058259 0.00145986 -0.000358874 1
0.996505 -0.0598376 0.0582888 0.0540848 0.993938 0.0957155 -0.0636628 -0.0922284 0.993701 0.00572451 0.00140555 -0.00033621 1
0.996516 -0.0597345 0.058209 0.0539899 0.993944 0.0957066 -0.0635735 -0.0922304 0.993706 0.00572136 0.00136252 -0.000364548 1
0.996546 -0.0593235 0.0581186 0.0535894 0.993968 0.0956896 -0.0634446 -0.0922445 0.993713 0.00548383 0.00129444 -0.000372463 1
0.996576 -0.0588572 0.0580655 0.0531256 0.993987 0.0957475 -0.0633518 -0.0923349 0.993711 0.00520456 0.0012232 -0.000327609 1
0.996609 -0.0583755 0.0579958 0.0526412 0.993997 0.0959099 -0.0632465 -0.0925316 0.993699 0.00490502 0.00114124 -0.000199151 1
0.996641 -0.0578659 0.0579454 0.0521368 0.994022 0.0959221 -0.0631496 -0.0925788 0.993701 0.00458869 0.00106404 -0.000191938 1
0.996678 -0.0572716 0.0579053 0.0515411 0.994043 0.0960287 -0.0630601 -0.0927252 0.993693 0.00420281 0.000984561 -0.000110904 1
0.996699 -0.0568542 0.057949 0.0511135 0.994054 0.0961422 -0.0630706 -0.0928629 0.993679 0.00393616 0.000911014 -5.03018e-05 1
0.996712 -0.0566017 0.057985 0.0508524 0.994059 0.0962369 -0.0630877 -0.0929718 0.993668 0.00378826 0.000851572 -1.33239e-05 1
0.996737 -0.0561114 0.0580227 0.0503586 0.994082 0.0962566 -0.0630804 -0.0930206 0.993664 0.00345105 0.000789275 -2.40308e-05 1
0.996736 -0.0559854 0.0581626 0.050208 0.994071 0.0964427 -0.0632172 -0.0932077 0.993638 0.00337631 0.000756815 6.52459e-05 1
0.996734 -0.0558814 0.0582925 0.050081 0.994061 0.096617 -0.0633454 -0.0933821 0.993613 0.00330631 0.000722039 0.00013656 1
0.996732 -0.0558196 0.058399 0.0500041 0.994057 0.0966997 -0.0634496 -0.0934634 0.993599 0.0032618 0.000701412 0.000146084 1
0.99672 -0.05588 0.0585361 0.0500561 0.994061 0.0966282 -0.063588 -0.0933812 0.993598 0.00329793 0.000692277 3.15729e-05 1
0.996711 -0.0559467 0.0586311 0.0500947 0.99403 0.0969251 -0.0637037 -0.0936692 0.993563 0.00333583 0.0006799 0.000199928 1
0.996705 -0.0559536 0.0587166 0.050094 0.994031 0.0969177 -0.063789 -0.0936571 0.993559 0.00331691 0.000671784 0.000150526 1
0.996699 -0.0559532 0.0588271 0.0500807 0.994028 0.0969566 -0.0639008 -0.0936905 0.993549 0.00328489 0.000668607 0.000120812 1
0.996684 -0.0561333 0.0589045 0.0502527 0.994019 0.0969613 -0.0639949 -0.0936797 0.993544 0.00338464 0.000679809 6.03269e-05 1
0.996677 -0.056193 0.0589649 0.0502978 0.994003 0.0970974 -0.0640675 -0.093809 0.993527 0.00339181 0.000691634 0.000124848 1
0.996659 -0.0564627 0.0590216 0.0505683 0.994 0.0969916 -0.0641439 -0.0936829 0.993534 0.0035504 0.000715222 -6.33745e-06 1
0.996642 -0.0567186 0.0590556 0.0508179 0.993983 0.0970285 -0.0642036 -0.0937016 0.993528 0.00370016 0.000739383 -4.24848e-05 1
0.996621 -0.0571375 0.0590155 0.0512391 0.993961 0.0970344 -0.0642035 -0.0936826 0.99353 0.0039781 0.00077208 -6.81331e-05 1
0.996608 -0.0573853 0.0589921 0.0514864 0.993945 0.0970659 -0.0642051 -0.0936993 0.993528 0.00412657 0.000804362 -7.51089e-05 1
0.996602 -0.057537 0.058944 0.0516434 0.993939 0.0970475 -0.0641706 -0.0936737 0.993533 0.00420059 0.000826318 -0.000120341 1
0.996584 -0.0578749 0.0589146 0.0519868 0.993927 0.0969915 -0.0641702 -0.0935974 0.99354 0.00441733 0.000872476 -0.000186611 1
0.996575 -0.0581082 0.0588419 0.0522265 0.993914 0.0969874 -0.0641196 -0.0935821 0.993545 0.00455616 0.000904867 -0.000203772 1
0.996563 -0.058348 0.0588051 0.0524744 0.993909 0.0969065 -0.0641012 -0.0934877 0.993555 0.004695 0.000947889 -0.000290329 1
0.996545 -0.0587115 0.0587513 0.0528482 0.993899 0.0968092 -0.0640767 -0.0933698 0.993567 0.00492729 0.001003 -0.000378341 1
0.996511 -0.0593492 0.0586897 0.0534975 0.993875 0.0966931 -0.0640689 -0.0932159 0.993582 0.00536525 0.00109556 -0.000487298 1
0.996486 -0.059873 0.0585709 0.0540459 0.993868 0.0964626 -0.0639873 -0.0929581 0.993612 0.00571058 0.00119215 -0.000668964 1
0.996436 -0.0608097 0.0584541 0.0550083 0.993842 0.0961933 -0.0639436 -0.092635 0.993645 0.00635839 0.00132929 -0.000882249 1
0.99638 -0.061855 0.0583209 0.0560948 0.993828 0.0957043 -0.0638808 -0.0920863 0.9937 0.00707147 0.0015112 -0.00125411 1
0.996301 -0.0631997 0.0582185 0.0574787 0.993799 0.0951873 -0.0638733 -0.091489 0.993755 0.00798698 0.00173535 -0.001657 1
0.996208 -0.0647355 0.0581213 0.0590559 0.99376 0.0946224 -0.063884 -0.0908313 0.993815 0.00901472 0.00197475 -0.00211512 1
0.996106 -0.0663573 0.0580394 0.0607159 0.993711 0.0940812 -0.0639174 -0.090191 0.993871 0.0100869 0.00223851 -0.00255633 1
0.995993 -0.0680013 0.0580763 0.0623969 0.993672 0.0933971 -0.0640599 -0.0893991 0.993934 0.011144 0.0025234 -0.00312217 1
0.995874 -0.0696776 0.0581419 0.0640975 0.993613 0.0928675 -0.0642414 -0.0887576 0.993979 0.0122158 0.00281021 -0.00357284 1
0.995757 -0.0712426 0.0582521 0.0656828 0.993558 0.0923504 -0.0644561 -0.0881324 0.994021 0.0131896 0.00307607 -0.00401953 1
0.995629 -0.072869 0.0584163 0.0673259 0.993497 0.091816 -0.064727 -0.0874818 0.994061 0.0142067 0.00335075 -0.00447667 1
0.995493 -0.0745512 0.0586179 0.0690094 0.993414 0.0914715 -0.0650511 -0.0870141 0.994081 0.015263 0.00362317 -0.00479323 1
0.995357 -0.0761524 0.0588616 0.0706128 0.993339 0.0910624 -0.0654041 -0.0864832 0.994104 0.0162593 0.00388178 -0.00515815 1
0.995225 -0.0776493 0.0591482 0.0721081 0.993267 0.0906673 -0.0657902 -0.0859692 0.994123 0.0171716 0.00411824 -0.00552584 1
0.99508 -0.0792836 0.059419 0.0737388 0.993179 0.0903217 -0.0661748 -0.0854958 0.994139 0.0181942 0.00438263 -0.00582999 1
0.994989 -0.0801899 0.0597123 0.0746291 0.993127 0.0901595 -0.0665318 -0.0852515 0.994136 0.0186778 0.00457115 -0.00597372 1
0.99492 -0.0808177 0.0600154 0.0752487 0.993106 0.0898769 -0.0668653 -0.0849043 0.994143 0.0189604 0.00473132 -0.00619724 1
0.994867 -0.0813277 0.0602123 0.0757548 0.993086 0.089674 -0.067089 -0.0846524 0.994149 0.0191666 0.00486661 -0.00632647 1
0.994815 -0.0818916 0.0603035 0.0763245 0.993062 0.0894572 -0.0672109 -0.0843907 0.994163 0.0194434 0.00502039 -0.00644408 1
0.99476 -0.082444 0.0604606 0.0768766 0.993038 0.0892529 -0.0673981 -0.0841372 0.994172 0.0197298 0.00513193 -0.00658162 1
0.994717 -0.0830197 0.0603869 0.0774809 0.993022 0.0889075 -0.0673466 -0.083759 0.994208 0.0200526 0.00524838 -0.00680258 1
0.99469 -0.0834493 0.0602382 0.0779443 0.993015 0.0885809 -0.0672095 -0.0834153 0.994246 0.0202853 0.00534624 -0.00698751 1
0.994667 -0.0839106 0.0599781 0.0784464 0.993001 0.0882867 -0.0669665 -0.0831107 0.994288 0.020579 0.00545135 -0.00714887 1
0.994634 -0.0844046 0.0598194 0.0789807 0.992996 0.0878725 -0.0668172 -0.0826764 0.994334 0.0209059 0.00551888 -0.00740965 1
0.994681 -0.0841724 0.0593706 0.0788028 0.993032 0.0876238 -0.0663324 -0.0824792 0.994383 0.0207104 0.00553625 -0.0074775 1
0.994713 -0.0840691 0.058984 0.0787386 0.993046 0.0875192 -0.0659315 -0.0824121 0.994415 0.0206363 0.00554601 -0.00742286 1
0.994739 -0.0840187 0.0586055 0.0787309 0.993062 0.0873479 -0.0655377 -0.0822743 0.994452 0.020615 0.00554307 -0.00743186 1
0.99479 -0.0836739 0.0582404 0.0784277 0.9931 0.0871824 -0.0651335 -0.0821605 0.994488 0.0203803 0.0055035 -0.00742317 1
0.994875 -0.0829785 0.0577731 0.077765 0.993143 0.08729 -0.0646201 -0.0823499 0.994506 0.0198961 0.00543982 -0.00719072 1
0.994945 -0.0823849 0.0574269 0.0772068 0.993194 0.0872009 -0.0642201 -0.0823263 0.994534 0.0194948 0.00536647 -0.00711877 1
0.995021 -0.0816838 0.0571033 0.0765412 0.993256 0.0870848 -0.0638316 -0.0822805 0.994563 0.0190168 0.00528081 -0.00708284 1
0.995108 -0.0808591 0.0567544 0.0757473 0.993318 0.0870767 -0.0634161 -0.0823518 0.994584 0.0184528 0.00518168 -0.00694999 1
0.995182 -0.0801444 0.0564713 0.0750596 0.993373 0.0870406 -0.0630729 -0.0823826 0.994603 0.0179759 0.00509068 -0.00684091 1
0.995272 -0.0792386 0.0561707 0.0741929 0.993456 0.0868407 -0.0626842 -0.0822626 0.994637 0.0173556 0.00497669 -0.00683028 1
0.99535 -0.078442 0.0559103 0.0734312 0.993529 0.0866504 -0.0623455 -0.0821418 0.994669 0.0168177 0.00487666 -0.0068229 1
0.995423 -0.0776857 0.055653 0.0727158 0.993607 0.0863579 -0.062006 -0.0819158 0.994709 0.016313 0.0047984 -0.00688909 1
0.995576 -0.0763459 0.0547741 0.0714959 0.993759 0.0856227 -0.0609692 -0.0813277 0.994821 0.0154227 0.0046993 -0.00722006 1
0.99572 -0.0750443 0.0539411 0.0703063 0.993903 0.0849333 -0.059986 -0.0807774 0.994925 0.0145522 0.00460974 -0.00751728 1
0.995857 -0.0738686 0.0530333 0.0692488 0.994038 0.0842169 -0.0589381 -0.0801955 0.995035 0.0137821 0.00454339 -0.00784542 1
0.995996 -0.0726751 0.0520557 0.0681816 0.994178 0.0834366 -0.0578163 -0.0795533 0.995153 0.0129968 0.00448593 -0.00820922 1
0.996109 -0.0718009 0.051102 0.0674257 0.994289 0.0827263 -0.05675 -0.0789588 0.995261 0.0124606 0.00446127 -0.00852215 1
0.996157 -0.0714368 0.0506748 0.0671202 0.994345 0.0822995 -0.0562674 -0.078582 0.995318 0.0122604 0.00445957 -0.00867202 1
0.996205 -0.071152 0.0501222 0.0669013 0.994392 0.0819099 -0.0556691 -0.0782458 0.995379 0.0121363 0.00447193 -0.00878604 1
0.996361 -0.0696973 0.0490636 0.0655451 0.994501 0.0816795 -0.0544867 -0.0781664 0.99545 0.0111381 0.00438691 -0.00866334 1
0.996409 -0.0694235 0.048463 0.0653361 0.994541 0.0813606 -0.0538468 -0.0779021 0.995506 0.0110287 0.00439996 -0.00871484 1
0.996471 -0.0689788 0.0478372 0.0649609 0.994596 0.0809925 -0.0531654 -0.0775991 0.995566 0.0107798 0.00439156 -0.0087941 1
0.996517 -0.0687023 0.0472586 0.0647472 0.994636 0.0806648 -0.052547 -0.077324 0.99562 0.0106531 0.00440032 -0.0088628 1
0.996597 -0.0679674 0.0466447 0.064084 0.994714 0.0802304 -0.0518512 -0.0769681 0.995684 0.0101613 0.00435975 -0.00898255 1
0.996549 -0.0686581 0.0466447 0.0647978 0.994706 0.0797598 -0.0518739 -0.0764621 0.995722 0.0107318 0.00443973 -0.00927013 1
0.996541 -0.0689026 0.0464487 0.0650793 0.994722 0.0793275 -0.0516694 -0.0760303 0.995766 0.0109619 0.00448186 -0.00947878 1
0.996604 -0.0683273 0.0459594 0.0645546 0.994775 0.0790894 -0.0511232 -0.0758539 0.995808 0.0105693 0.00445539 -0.00950368 1
0.996621 -0.0682128 0.0457456 0.0644707 0.994803 0.0788124 -0.0508838 -0.0755969 0.995839 0.0105119 0.00447116 -0.00959036 1
0.996615 -0.0683769 0.0456344 0.0646525 0.994806 0.0786261 -0.0507736 -0.0754096 0.995859 0.0106601 0.00450856 -0.00965301 1
0.996639 -0.0681646 0.0454294 0.0644677 0.994836 0.0783976 -0.0505387 -0.0752054 0.995887 0.0105131 0.00450477 -0.00972006 1
0.996695 -0.0675344 0.0451469 0.0638635 0.99488 0.0783277 -0.0502056 -0.0751856 0.995905 0.0100458 0.00446808 -0.00964928 1
0.996688 -0.0676046 0.0451931 0.0639395 0.99489 0.0781391 -0.0502448 -0.0749907 0.995918 0.0100945 0.00447586 -0.00972063 1
0.996705 -0.0674426 0.0450645 0.0637931 0.994908 0.0780271 -0.0500974 -0.0748951 0.995932 0.00997369 0.00446166 -0.00974256 1
0.996659 -0.0680439 0.0451744 0.0643981 0.994889 0.0777685 -0.0502352 -0.0745995 0.995947 0.01043 0.00451225 -0.00991778 1
0.996714 -0.0674601 0.0448461 0.0638351 0.994918 0.0778644 -0.0498709 -0.0747458 0.995955 0.0100027 0.00446888 -0.00972633 1
0.99673 -0.0673319 0.044665 0.0637271 0.994935 0.0777355 -0.0496729 -0.074635 0.995973 0.00992232 0.00446682 -0.00975249 1
0.996731 -0.0674282 0.044497 0.0638463 0.994944 0.0775258 -0.0494995 -0.0744315 0.995997 0.0100178 0.0044859 -0.00985837 1
0.996749 -0.0673593 0.0442052 0.0638073 0.994959 0.0773647 -0.0491935 -0.0742926 0.996022 0.0100042 0.00449739 -0.00987494 1
0.996833 -0.0664822 0.0436467 0.0629741 0.995013 0.077349 -0.0485713 -0.0743554 0.996048 0.00938709 0.0044416 -0.00973182 1
0.996787 -0.0671777 0.0436165 0.0636923 0.995002 0.0769039 -0.0485648 -0.0738788 0.996084 0.00995529 0.00451277 -0.0100328 1
0.996806 -0.0671907 0.0431729 0.0637549 0.995025 0.0765562 -0.048102 -0.0735592 0.99613 0.0100271 0.0045272 -0.0101775 1
0.996852 -0.0667881 0.042735 0.0633947 0.995063 0.0763604 -0.047624 -0.0734109 0.996164 0.00978246 0.00451843 -0.0101747 1
0.996865 -0.0667218 0.0425171 0.063359 0.995088 0.076056 -0.0473829 -0.0731238 0.996197 0.00978182 0.00451968 -0.010298 1
0.996906 -0.0663785 0.0421077 0.0630599 0.995129 0.0757696 -0.0469321 -0.0728799 0.996236 0.00958611 0.00449799 -0.0103903 1
0.996923 -0.0662424 0.041909 0.0629515 0.995157 0.0754935 -0.0467069 -0.072623 0.996265 0.00954412 0.00449625 -0.0104947 1
0.996927 -0.0661797 0.0419232 0.0628932 0.99517 0.0753777 -0.0467092 -0.0725093 0.996273 0.00954425 0.00449613 -0.0104994 1
0.996909 -0.0664742 0.0418802 0.0632038 0.995172 0.0750901 -0.0466696 -0.072211 0.996297 0.00982752 0.00451845 -0.0106584 1
0.996922 -0.0663735 0.0417226 0.0631258 0.995195 0.0748519 -0.0464903 -0.0719877 0.996321 0.00980948 0.00451794 -0.0107422 1
0.996911 -0.0665187 0.0417493 0.0632802 0.995203 0.0746103 -0.046512 -0.0717379 0.996338 0.00996157 0.0045366 -0.0108524 1
0.996916 -0.0665369 0.0416175 0.0633161 0.995214 0.0744329 -0.0463709 -0.0715682 0.996357 0.0100241 0.00454798 -0.0108997 1
0.996934 -0.0663912 0.0414062 0.0631975 0.99524 0.0741783 -0.0461339 -0.0713342 0.996385 0.00995989 0.00454353 -0.0109955 1
0.996945 -0.0663255 0.0412416 0.0631519 0.995257 0.0740009 -0.0459541 -0.0711704 0.996405 0.00995064 0.00454627 -0.0110473 1
0.996948 -0.0664004 0.041053 0.0632468 0.995261 0.0738552 -0.0457625 -0.0710334 0.996424 0.0100513 0.00456137 -0.0110976 1
0.996959 -0.0663619 0.0408431 0.0632327 0.995278 0.0736488 -0.0455377 -0.0708423 0.996448 0.0100654 0.00456868 -0.011177 1
0.997002 -0.0659556 0.0404693 0.0628555 0.995304 0.0736085 -0.0451342 -0.0708441 0.996466 0.00979254 0.00453106 -0.0111047 1
0.996998 -0.0661411 0.04026 0.0630591 0.995297 0.0735287 -0.0449339 -0.0707692 0.99648 0.00996953 0.00454653 -0.0111268 1
0.99702 -0.0659699 0.0400005 0.0629046 0.995304 0.073575 -0.0446664 -0.0708395 0.996487 0.00987212 0.0045259 -0.0110207 1
0.997007 -0.0662341 0.0398705 0.0631846 0.995298 0.0734176 -0.0445458 -0.0706787 0.996504 0.0101004 0.00453598 -0.0111036 1
0.996982 -0.0667033 0.0397175 0.0636601 0.995261 0.0734982 -0.0444319 -0.070748 0.996504 0.010489 0.00455704 -0.0110222 1
0.996997 -0.0665708 0.0395583 0.0635383 0.995268 0.0735182 -0.0442652 -0.070784 0.996509 0.0104147 0.00455003 -0.010973 1
0.99699 -0.0667578 0.0394212 0.0637344 0.995255 0.0735253 -0.0441425 -0.0707915 0.996514 0.0105846 0.0045561 -0.0109427 1
0.996943 -0.067393 0.0395212 0.064365 0.99522 0.0734452 -0.044282 -0.0706769 0.996516 0.0110784 0.00460165 -0.0110153 1
0.996963 -0.0671868 0.0393705 0.0641636 0.995223 0.0735838 -0.0441262 -0.0708342 0.996512 0.0109369 0.0045891 -0.0108731 1
0.996933 -0.067546 0.0395149 0.0645189 0.995211 0.0734278 -0.0442854 -0.0706531 0.996517 0.0112044 0.00462225 -0.011 1
0.996834 -0.0688088 0.039829 0.0657671 0.995146 0.0732112 -0.0446732 -0.07036 0.996521 0.0121598 0.00471856 -0.0112185 1
0.996857 -0.0685273 0.0397426 0.0654956 0.995169 0.0731324 -0.0445622 -0.0702996 0.99653 0.0119376 0.00469756 -0.01124 1
0.996885 -0.0682672 0.039493 0.065248 0.995176 0.0732589 -0.0443037 -0.0704539 0.996531 0.0117475 0.00467544 -0.0110979 1
0.996805 -0.0692195 0.0398569 0.0661773 0.995122 0.0731619 -0.0447267 -0.0702906 0.996523 0.0124412 0.00474354 -0.0112206 1
0.996841 -0.0688339 0.0396224 0.0658036 0.995138 0.0732784 -0.0444738 -0.0704396 0.996524 0.0121466 0.0047206 -0.0110958 1
0.996888 -0.0682829 0.0393964 0.065265 0.995166 0.0733793 -0.0442165 -0.0705797 0.996526 0.0117183 0.00468022 -0.0109737 1
0.996892 -0.0682869 0.0392767 0.0652719 0.995157 0.073505 -0.0441059 -0.0707129 0.996521 0.0117111 0.00468001 -0.0108638 1
0.996896 -0.0682101 0.0393261 0.0651982 0.995172 0.0733622 -0.0441403 -0.0705704 0.99653 0.0116226 0.00468056 -0.010974 1
0.996968 -0.0673796 0.0389133 0.0643949 0.995219 0.0734389 -0.0436755 -0.0707104 0.99654 0.0109897 0.00462684 -0.0108461 1
0.996965 -0.0674928 0.0388045 0.0645117 0.995204 0.0735283 -0.043581 -0.0708018 0.996538 0.0110694 0.00463812 -0.0107545 1
0.996958 -0.0676375 0.0387328 0.064663 0.995198 0.0734874 -0.0435173 -0.0707592 0.996544 0.0111622 0.00466214 -0.0107666 1
0.996943 -0.0678501 0.0387347 0.0648818 0.995195 0.0733351 -0.0435244 -0.0705977 0.996555 0.0112968 0.00469257 -0.0108696 1
0.996941 -0.0680011 0.0385397 0.0650515 0.995192 0.0732152 -0.0433332 -0.0704841 0.996571 0.0114047 0.00472828 -0.0109269 1
0.99689 -0.068676 0.0386518 0.0657155 0.995146 0.0732574 -0.0434952 -0.0704895 0.996564 0.0118948 0.00478638 -0.0109045 1
0.996889 -0.0686962 0.0386362 0.065744 0.995156 0.0730916 -0.0434702 -0.0703242 0.996577 0.0118793 0.00479426 -0.011015 1
0.996885 -0.0687903 0.0385739 0.0658426 0.99515 0.0730855 -0.0434144 -0.0703181 0.996579 0.0119384 0.00480823 -0.0110169 1
0.99685 -0.0692118 0.0387286 0.0662538 0.995125 0.0730554 -0.0435961 -0.0702594 0.996576 0.0122372 0.0048432 -0.0110594 1
0.996839 -0.0693229 0.0388228 0.0663558 0.995114 0.0731053 -0.043701 -0.0702981 0.996568 0.0123043 0.00485396 -0.0110285 1
0.996853 -0.0691789 0.0387042 0.0662274 0.995134 0.0729476 -0.0435623 -0.0701548 0.996584 0.012182 0.00484867 -0.0111441 1
0.996901 -0.0685788 0.0385322 0.0656358 0.995166 0.073052 -0.0433558 -0.0702966 0.996583 0.0117098 0.0048111 -0.0110293 1
0.99691 -0.0684383 0.0385548 0.0654928 0.995173 0.073079 -0.0433701 -0.0703282 0.996581 0.0115719 0.00479817 -0.0110017 1
0.996908 -0.0684838 0.0385188 0.0655374 0.995165 0.073157 -0.0433427 -0.0704064 0.996576 0.011586 0.00482152 -0.0109512 1
0.996897 -0.0686138 0.0385927 0.0656612 0.995155 0.0731741 -0.0434264 -0.0704129 0.996572 0.0116406 0.00482859 -0.0109567 1
0.996893 -0.068635 0.0386544 0.0656752 0.99515 0.0732381 -0.0434936 -0.0704719 0.996565 0.011618 0.00484769 -0.0109236 1
0.996804 -0.0696988 0.0390385 0.066713 0.995086 0.0731725 -0.0439467 -0.0703343 0.996555 0.0123727 0.00494493 -0.0110472 1
0.996757 -0.0702698 0.039223 0.0672725 0.995052 0.073114 -0.0441667 -0.0702383 0.996552 0.0127619 0.00501073 -0.0111317 1
0.996737 -0.070498 0.039311 0.0674919 0.995034 0.0731647 -0.0442738 -0.0702728 0.996545 0.0128882 0.00503822 -0.0111114 1
0.996705 -0.0709306 0.0393351 0.0679223 0.995004 0.0731617 -0.044328 -0.070249 0.996544 0.0131869 0.00510546 -0.0111277 1
0.996687 -0.0711995 0.0393078 0.0681931 0.994987 0.0731504 -0.0443191 -0.0702275 0.996546 0.0133563 0.00515496 -0.0111286 1
0.996675 -0.0714374 0.0391946 0.0684408 0.994974 0.0730991 -0.0442196 -0.0701735 0.996554 0.0135093 0.00520701 -0.0111494 1
0.996654 -0.0717913 0.0390839 0.0688009 0.994947 0.0731202 -0.0441358 -0.0701865 0.996557 0.0137468 0.00526929 -0.0111194 1
0.99662 -0.0723118 0.0389781 0.0693355 0.994923 0.0729503 -0.0440553 -0.0700012 0.996574 0.0141157 0.00534856 -0.0112464 1
0.996611 -0.0724916 0.0388809 0.069521 0.994908 0.0729693 -0.0439726 -0.070019 0.996576 0.0142125 0.00539203 -0.0112091 1
0.996597 -0.0727207 0.038808 0.0697491 0.994883 0.0730992 -0.0439252 -0.0701436 0.996569 0.0143494 0.00543805 -0.0111049 1
0.996589 -0.0728789 0.0387301 0.0699041 0.994858 0.073289 -0.0438721 -0.0703316 0.996558 0.0144306 0.00546867 -0.0109559 1
0.996599 -0.0727537 0.0386863 0.0697754 0.994855 0.0734443 -0.0438306 -0.0704952 0.996549 0.014291 0.00547227 -0.0108239 1
0.996662 -0.0720229 0.0384481 0.0690471 0.99488 0.0738034 -0.0435668 -0.0709023 0.996531 0.0136936 0.00542026 -0.0104852 1
0.996726 -0.0712506 0.038222 0.0682844 0.994919 0.0739827 -0.0432991 -0.0711305 0.996527 0.0130658 0.00536886 -0.0102944 1
0.996713 -0.0714391 0.0382036 0.0684736 0.994906 0.0739884 -0.0432946 -0.0711292 0.996527 0.0131609 0.00540116 -0.0102742 1
0.996696 -0.071677 0.0382059 0.0687118 0.994891 0.0739667 -0.0433125 -0.0710971 0.996529 0.0132901 0.0054498 -0.0102819 1
0.996613 -0.0727303 0.0383901 0.06975 0.994818 0.0739697 -0.043571 -0.0710414 0.996521 0.0140279 0.00556249 -0.0103059 1
0.996533 -0.0737172 0.0385677 0.0707303 0.994762 0.0737917 -0.0438054 -0.0708079 0.996528 0.0147146 0.00568976 -0.0104589 1
0.996492 -0.0742899 0.0385346 0.071314 0.994737 0.0735737 -0.0437976 -0.0705675 0.996545 0.0150706 0.00578362 -0.0106294 1
0.996484 -0.0744302 0.0384803 0.0714601 0.99473 0.0735213 -0.0437498 -0.070513 0.996551 0.0151051 0.00581837 -0.0106414 1
0.996466 -0.0746402 0.03852 0.0716722 0.994724 0.0734028 -0.0437955 -0.0703826 0.996558 0.0151905 0.00586503 -0.0107088 1
0.9965 -0.0742573 0.0383817 0.0713051 0.994759 0.0732796 -0.0436221 -0.0702863 0.996573 0.0148363 0.00587158 -0.0107493 1
0.996488 -0.0743656 0.0384927 0.0714045 0.99475 0.0732997 -0.0437416 -0.0702937 0.996567 0.014836 0.00589512 -0.0107241 1
0.996396 -0.0753942 0.038875 0.0724023 0.994675 0.0733472 -0.0441979 -0.0702682 0.996549 0.0155569 0.00600272 -0.0107248 1
0.996365 -0.0756842 0.0390985 0.0726769 0.994656 0.0733285 -0.0444394 -0.0702204 0.996541 0.015705 0.00605424 -0.0107352 1
0.996345 -0.0758724 0.039238 0.0728544 0.994642 0.0733416 -0.0445924 -0.0702149 0.996535 0.0157807 0.00608106 -0.0107232 1
0.996336 -0.0759569 0.0393177 0.0729337 0.994637 0.0733291 -0.0446767 -0.0701929 0.996532 0.015785 0.00609403 -0.0107247 1
0.99627 -0.0766971 0.0395419 0.0736628 0.994593 0.0731972 -0.0449421 -0.0700115 0.996533 0.016302 0.00617439 -0.0108516 1
0.996265 -0.0767484 0.0395797 0.0737128 0.994592 0.0731658 -0.044981 -0.0699749 0.996534 0.0162998 0.00618047 -0.0108552 1
0.996264 -0.0767736 0.0395474 0.0737432 0.994594 0.0731009 -0.0449458 -0.0699115 0.99654 0.0162937 0.00618796 -0.0108828 1
0.996313 -0.0762647 0.0392903 0.0732526 0.99463 0.0731121 -0.0446552 -0.0699644 0.996549 0.0158991 0.00615364 -0.0108034 1
0.996307 -0.0763505 0.0392904 0.0733401 0.994626 0.0730714 -0.0446583 -0.06992 0.996552 0.0159554 0.00617001 -0.0108028 1
0.996365 -0.0756826 0.0390922 0.0726865 0.994673 0.0730872 -0.0444154 -0.0699801 0.996559 0.015445 0.0061143 -0.0107241 1
0.996375 -0.075571 0.0390575 0.0725802 0.994685 0.0730287 -0.0443688 -0.0699291 0.996565 0.0153573 0.00610812 -0.0107414 1
0.996373 -0.0756293 0.0390026 0.0726434 0.994683 0.0729998 -0.0443162 -0.0699017 0.996569 0.0154094 0.00612294 -0.0107473 1
0.996324 -0.0761957 0.0391584 0.0732039 0.994651 0.072867 -0.0445011 -0.0697325 0.996573 0.0158414 0.00617963 -0.0108618 1
0.996363 -0.075789 0.0389544 0.0728199 0.994692 0.0726936 -0.044257 -0.0695926 0.996593 0.0155367 0.00615976 -0.0109505 1
0.996361 -0.0758552 0.0388783 0.0728938 0.994691 0.0726356 -0.0441817 -0.0695372 0.9966 0.0156002 0.00617876 -0.0109591 1
0.996364 -0.0758676 0.0387573 0.0729172 0.994694 0.0725777 -0.044058 -0.0694878 0.996609 0.0156228 0.00618916 -0.0109689 1
0.996346 -0.076103 0.0387624 0.073157 0.994685 0.0724613 -0.0440709 -0.0693608 0.996618 0.015808 0.00621502 -0.0110428 1
0.996363 -0.0759244 0.0386907 0.0729833 0.994697 0.0724701 -0.0439877 -0.0693827 0.99662 0.0156735 0.00619819 -0.0110184 1
0.996374 -0.0758663 0.0385121 0.0729203 0.994672 0.0728667 -0.043835 -0.0697942 0.996598 0.0156427 0.00617244 -0.0106861 1
0.996382 -0.075768 0.0385043 0.0728215 0.994678 0.0728934 -0.0438224 -0.0698257 0.996596 0.0155624 0.00615613 -0.010673 1
0.996365 -0.0759755 0.0385347 0.073026 0.994662 0.0729062 -0.0438681 -0.0698271 0.996594 0.0157204 0.00616139 -0.0106892 1
0.9964 -0.0755344 0.0384942 0.0725825 0.994684 0.0730414 -0.0438067 -0.0699844 0.996586 0.0153771 0.00611176 -0.0105702 1
0.996384 -0.0756944 0.0385849 0.0727315 0.994666 0.0731398 -0.0439154 -0.070069 0.996575 0.0155002 0.00612502 -0.0105098 1
0.996345 -0.0760681 0.038865 0.0730912 0.99465 0.0729969 -0.0442098 -0.0698893 0.996575 0.0157765 0.00615794 -0.0106694 1
0.996349 -0.0760301 0.0388282 0.073048 0.99464 0.0731767 -0.0441837 -0.0700732 0.996563 0.0157632 0.00614534 -0.0105337 1
0.996389 -0.0755489 0.0387583 0.0725672 0.994667 0.0732967 -0.0440891 -0.0702194 0.996557 0.015405 0.00610645 -0.0104077 1
0.996375 -0.0757358 0.0387516 0.0727534 0.994652 0.073315 -0.0440969 -0.0702299 0.996556 0.0155647 0.00612259 -0.0103998 1
0.996365 -0.0758689 0.0387283 0.0728864 0.994639 0.0733513 -0.0440858 -0.070262 0.996554 0.0156824 0.00613067 -0.0103748 1
0.996361 -0.0759163 0.0387395 0.0729316 0.994634 0.0733803 -0.0441023 -0.070288 0.996551 0.0157402 0.00614198 -0.010343 1
0.996343 -0.0761341 0.0387747 0.0731505 0.994624 0.0732909 -0.0441462 -0.0701865 0.996557 0.0159228 0.00617446 -0.0104013 1
0.996296 -0.0766668 0.0389495 0.0736759 0.994595 0.0731572 -0.0443477 -0.0700166 0.99656 0.0163466 0.00621921 -0.0105095 1
0.996303 -0.0765705 0.038958 0.0735784 0.994601 0.073176 -0.0443508 -0.070039 0.996558 0.0163008 0.00621926 -0.010457 1
0.996321 -0.0763491 0.0389165 0.0733633 0.994622 0.0731074 -0.0442889 -0.0699834 0.996565 0.0161622 0.00620138 -0.010467 1
0.996329 -0.076261 0.0388974 0.0732817 0.994637 0.0729931 -0.0442553 -0.0698747 0.996574 0.0161287 0.00619414 -0.0105227 1
0.996339 -0.0761392 0.0388764 0.0731649 0.99465 0.0729212 -0.0442206 -0.0698099 0.99658 0.0160755 0.00618192 -0.0105484 1
0.996371 -0.0758136 0.0387025 0.0728518 0.994673 0.0729255 -0.0440251 -0.0698413 0.996586 0.0158829 0.00616769 -0.0104829 1
0.99639 -0.0756599 0.0385151 0.0727156 0.99469 0.0728286 -0.0438208 -0.069765 0.996601 0.0158201 0.00615031 -0.0104983 1
0.996409 -0.0754818 0.0383531 0.0725544 0.994711 0.0727082 -0.0436384 -0.0696644 0.996616 0.0157411 0.00614108 -0.0105191 1
0.996417 -0.0754977 0.0381263 0.0725926 0.994719 0.0725606 -0.0434031 -0.069533 0.996635 0.0158225 0.00616108 -0.0105589 1
0.996519 -0.0744413 0.0375281 0.0715831 0.994798 0.0724823 -0.0427285 -0.0695436 0.996663 0.0150896 0.00608433 -0.0104779 1
