NO_OF_FRAMES	30141
FREQUENCY	100
DATA_INCLUDED	6DOF(row-major-order)
ORDER	R11 R12 R13 R21 R22 R23 R31 R32 R33 Tx Ty Tz RMS
SOURCE_FILE	/afs/inf.ed.ac.uk/group/cstr/projects/galatea/DB/MotionCapture/Recordings_October_2014/Markers/Bria/CSTR/Bria_01_n.tsv.gz,Head/Bria_01_n.dof.gz
RIGID_BODY_MARKERS	 1 2 3 4
PROGRAM_NAME	EstimateRigidBodyWithSegment,nm-head-orientation
REFERENCE_FRAME	3
SEGMENT_HALF_WIDTH	2
SEGMENT_WINDOW_TYPE	rectangle
REFERENCE_MARKER_1	-0.0260953 0.760298 0.0250677
REFERENCE_MARKER_2	0.021048 0.773329 0.0935277
REFERENCE_MARKER_3	-0.0359755 0.747042 0.224054
REFERENCE_MARKER_4	-0.00835598 0.782098 0.157667
REFERENCE_CENTRE	-0.0123447 0.765692 0.125079
NOTES	Normalised_Head_Orientation
END_OF_HEADER
0.99889 -0.0209332 -0.0422036 0.0202024 0.99964 -0.0176687 0.0425582 0.0167965 0.998953 0 0 0 1
0.99889 -0.0209332 -0.0422036 0.0202024 0.99964 -0.0176687 0.0425582 0.0167965 0.998953 0 0 0 1
0.99889 -0.0209332 -0.0422036 0.0202024 0.99964 -0.0176687 0.0425582 0.0167965 0.998953 1.13549e-15 -8.70403e-16 3.38208e-16 1
0.9989 -0.0206446 -0.0421 0.0199232 0.999649 -0.0174841 0.0424461 0.0166261 0.99896 -0.000257059 -5.88558e-05 0.000369815 1
0.99887 -0.0207364 -0.0427555 0.0200014 0.999646 -0.017547 0.0431042 0.016672 0.998931 -0.000112889 -4.99815e-05 0.000432446 1
0.999106 -0.0199249 -0.0372943 0.019254 0.999648 -0.0182648 0.0376451 0.0175304 0.999137 -0.00147691 -6.80089e-07 -0.00030401 1
0.999119 -0.0202947 -0.0367339 0.0196302 0.999639 -0.0183604 0.0370933 0.0176231 0.999156 -0.001232 1.86368e-05 -0.00043203 1
0.999182 -0.0193039 -0.035545 0.0186812 0.999668 -0.0177679 0.0358761 0.0170893 0.99921 -0.00214208 -0.000128499 0.000185221 1
0.999161 -0.0191923 -0.036188 0.0185562 0.999669 -0.0178306 0.0365182 0.0171441 0.999186 -0.00212457 -0.000116574 0.000190435 1
0.999112 -0.0194002 -0.0374122 0.0187364 0.999662 -0.0180123 0.037749 0.0172953 0.999138 -0.00178416 -6.4728e-05 5.12249e-05 1
0.998938 -0.0202199 -0.0413945 0.019516 0.999659 -0.0173373 0.0417309 0.016511 0.998992 -0.000533287 -0.000138982 0.000683363 1
0.998876 -0.0198544 -0.0430499 0.0191176 0.999665 -0.0174598 0.0433822 0.0166171 0.99892 -0.000609341 -0.000146551 0.000892613 1
0.998695 -0.0206684 -0.0467058 0.0198404 0.999639 -0.018124 0.0470636 0.0171737 0.998744 0.000519003 4.56931e-05 0.000386087 1
0.998739 -0.0202032 -0.045961 0.0193836 0.999646 -0.0182091 0.0463127 0.0172952 0.998777 7.97833e-05 -2.46454e-05 0.000545632 1
0.998983 -0.0183246 -0.0411938 0.0176186 0.999693 -0.0174372 0.0415007 0.0166937 0.998999 -0.00195659 -0.000268977 0.00109885 1
0.998929 -0.0175709 -0.0428103 0.0168326 0.999704 -0.0175441 0.0431059 0.0168047 0.998929 -0.00236093 -0.000296343 0.0014541 1
0.999122 -0.0163548 -0.0385747 0.0157003 0.999729 -0.0172101 0.0388457 0.0165894 0.999108 -0.00377974 -0.000425537 0.00164487 1
0.999249 -0.015596 -0.0354671 0.0150005 0.999743 -0.0169938 0.035723 0.016449 0.999226 -0.00470417 -0.000505589 0.00169171 1
0.99926 -0.0154221 -0.0352321 0.014825 0.999743 -0.0171444 0.0354874 0.0166094 0.999232 -0.00484396 -0.000470845 0.00141841 1
0.999104 -0.0167274 -0.0388714 0.016031 0.999707 -0.0181604 0.0391637 0.017521 0.999079 -0.00338012 -0.000274267 0.000941297 1
0.999058 -0.01709 -0.0399 0.0163583 0.999693 -0.0185939 0.0402055 0.0179237 0.999031 -0.0029792 -0.0001723 0.000531965 1
0.998832 -0.0181962 -0.0447512 0.0173444 0.999662 -0.0193482 0.0450881 0.0185494 0.998811 -0.00159978 8.18589e-06 0.000455526 1
0.99869 -0.0189483 -0.0475404 0.0180187 0.999639 -0.0199058 0.0479005 0.0190231 0.998671 -0.000758923 0.000124245 0.000477066 1
0.998715 -0.0193576 -0.0468308 0.0184224 0.999624 -0.0203188 0.0472065 0.01943 0.998696 -0.00057438 0.000172096 0.000297751 1
0.998924 -0.018753 -0.0424107 0.0179293 0.999645 -0.0197207 0.0427654 0.0189391 0.998906 -0.00159656 8.26874e-05 0.00065141 1
0.998911 -0.0189341 -0.04264 0.0180976 0.999638 -0.0199183 0.0430017 0.0191249 0.998892 -0.00146867 0.000137984 0.000610373 1
0.998907 -0.0193234 -0.042564 0.018476 0.999625 -0.0202123 0.0429386 0.0194038 0.998889 -0.0011957 0.000215045 0.000163609 1
0.998884 -0.0196961 -0.0429258 0.0188293 0.999612 -0.0205045 0.043313 0.0196734 0.998868 -0.000886129 0.000289157 -0.00016106 1
0.998935 -0.0192479 -0.041925 0.0184166 0.999628 -0.0201239 0.0422967 0.0193303 0.998918 -0.00136697 0.000265906 0.000113222 1
0.998729 -0.02018 -0.0461912 0.0192247 0.999594 -0.0210318 0.0465969 0.0201171 0.998711 -0.000204322 0.000403608 -8.70861e-05 1
0.998857 -0.0195973 -0.0435859 0.018708 0.99961 -0.0207182 0.043975 0.0198792 0.998835 -0.000992121 0.000306829 0.00013539 1
0.998859 -0.0196178 -0.043542 0.0187242 0.999608 -0.020835 0.0439337 0.0199959 0.998834 -0.00101281 0.000325011 0.000171528 1
0.998972 -0.0197406 -0.0408164 0.0189051 0.999606 -0.0207554 0.0412101 0.0199624 0.998951 -0.00123588 0.000326911 -8.57309e-06 1
0.998838 -0.0205726 -0.043585 0.0196524 0.999577 -0.0214385 0.0440076 0.020557 0.99882 -0.000297586 0.000468428 -0.000341664 1
0.998866 -0.0204695 -0.0429901 0.0195637 0.99958 -0.021386 0.0434098 0.0205207 0.998847 -0.000443272 0.000481645 -0.00047936 1
0.998766 -0.0211453 -0.0449323 0.0201755 0.999556 -0.0219275 0.045376 0.0209939 0.998749 0.000292882 0.000600943 -0.000847867 1
0.998783 -0.0209451 -0.0446499 0.0199833 0.999561 -0.0218793 0.0450885 0.0209604 0.998763 8.49875e-05 0.000581479 -0.000730085 1
0.998874 -0.0198825 -0.0430773 0.0189319 0.999571 -0.022363 0.0435035 0.0215223 0.998821 -0.0010141 0.000523965 -0.000793798 1
0.998913 -0.0194918 -0.0423487 0.0185635 0.999581 -0.0222024 0.0427637 0.0213921 0.998856 -0.00143488 0.000461931 -0.000494972 1
0.998832 -0.0197871 -0.0440917 0.0188091 0.99957 -0.0224855 0.0445177 0.0216299 0.998774 -0.00102674 0.000538463 -0.000514331 1
0.998921 -0.0191786 -0.0422893 0.0182429 0.999583 -0.0224021 0.0427013 0.0216064 0.998854 -0.00175952 0.000447086 -0.000271927 1
0.999107 -0.0180433 -0.0382034 0.0172141 0.999611 -0.0219232 0.0385841 0.021246 0.999029 -0.00318839 0.000320989 -1.04749e-05 1
0.998891 -0.0189275 -0.0431136 0.0179997 0.9996 -0.0218089 0.0435092 0.0210087 0.998832 -0.00190264 0.000448806 0.000176863 1
0.998836 -0.019254 -0.044223 0.018293 0.99959 -0.0220333 0.0446291 0.0211987 0.998779 -0.0015321 0.000539884 -0.000100364 1
0.999056 -0.019399 -0.0388805 0.0185626 0.999591 -0.021757 0.0392867 0.0210147 0.999007 -0.00205773 0.000503007 -4.51208e-05 1
0.998973 -0.0195629 -0.0408657 0.0186844 0.999588 -0.0217702 0.0412748 0.0209843 0.998927 -0.00171886 0.000579014 7.61493e-05 1
0.998959 -0.0201237 -0.0409433 0.0192062 0.999558 -0.022681 0.0413817 0.021871 0.998904 -0.00131041 0.000689022 -0.000476512 1
0.999025 -0.0198908 -0.0394192 0.0190081 0.999563 -0.0226417 0.0398524 0.0218703 0.998966 -0.00171788 0.000627949 -0.000434026 1
0.999073 -0.019785 -0.0382291 0.0189288 0.999565 -0.0226302 0.0386602 0.0218856 0.999013 -0.00199006 0.000581474 -0.000386657 1
0.998829 -0.0199133 -0.0440975 0.0189077 0.999554 -0.0231037 0.0445379 0.0222429 0.99876 -0.0012568 0.000675651 -0.00060494 1
0.998953 -0.0199399 -0.0411711 0.0190003 0.999553 -0.0230897 0.0416131 0.0222833 0.998885 -0.00162726 0.000633463 -0.000824894 1
0.998832 -0.0203497 -0.0438293 0.0193616 0.999551 -0.0228516 0.0442747 0.0219763 0.998778 -0.00101555 0.000622381 -0.000462363 1
0.998845 -0.0204994 -0.0434538 0.0195202 0.999549 -0.0228409 0.0439024 0.0219663 0.998794 -0.000972208 0.000632285 -0.0005522 1
0.998802 -0.0207323 -0.0443157 0.0197311 0.999543 -0.0229099 0.0447704 0.0220081 0.998755 -0.000722362 0.000680351 -0.000578345 1
0.998885 -0.020781 -0.0423869 0.0198263 0.999543 -0.0228211 0.0428418 0.0219553 0.998841 -0.0009604 0.000631637 -0.000505642 1
0.99875 -0.0210277 -0.0453548 0.0199992 0.999535 -0.0230113 0.0458176 0.0220755 0.998706 -0.000453903 0.000707769 -0.000420825 1
0.998679 -0.0211656 -0.0468137 0.020108 0.999534 -0.0229471 0.0472775 0.0219754 0.99864 -0.000197517 0.000771968 -0.00046856 1
0.998619 -0.0213716 -0.047996 0.0202751 0.999525 -0.0232166 0.0484694 0.0222114 0.998578 4.84174e-05 0.000832294 -0.000590201 1
0.998782 -0.0209988 -0.0446413 0.0199971 0.999541 -0.0227673 0.0450989 0.0218469 0.998744 -0.00065829 0.000773197 -0.000404526 1
0.99897 -0.0197254 -0.0408595 0.0187713 0.999545 -0.0236027 0.0413065 0.0228114 0.998886 -0.0022396 0.000832788 -0.00119125 1
0.998944 -0.0200312 -0.0413524 0.0190646 0.999539 -0.0236394 0.0418068 0.022826 0.998865 -0.00199156 0.000882907 -0.00138763 1
0.99904 -0.0196461 -0.0391663 0.0187486 0.999556 -0.0231534 0.0396038 0.0223968 0.998964 -0.00260088 0.000793231 -0.00121851 1
0.999076 -0.0195371 -0.0382799 0.0186768 0.999568 -0.0227053 0.038707 0.0219694 0.999009 -0.00286131 0.000733454 -0.000814883 1
0.998926 -0.0200731 -0.0417527 0.0191295 0.999555 -0.0228774 0.0421933 0.0220542 0.998866 -0.00212636 0.000786062 -0.000883513 1
0.998878 -0.0204629 -0.0427114 0.0195329 0.999565 -0.0220804 0.0431447 0.0212213 0.998843 -0.00172932 0.00066261 -0.00025672 1
0.99892 -0.0206095 -0.0416501 0.0197109 0.999566 -0.0218731 0.0420829 0.0210285 0.998893 -0.00179238 0.000621718 -0.000308257 1
0.998944 -0.0208689 -0.0409315 0.0199949 0.999566 -0.0216473 0.0413655 0.020806 0.998927 -0.0017204 0.000617868 -0.000242093 1
0.998956 -0.0206328 -0.0407539 0.0197726 0.999575 -0.0213981 0.0411781 0.0205699 0.99894 -0.00195974 0.000588666 -0.000297207 1
0.999076 -0.0202137 -0.0379271 0.0194355 0.999595 -0.0207763 0.0383317 0.02002 0.999065 -0.002651 0.000482957 -5.42655e-05 1
0.998926 -0.020827 -0.0413781 0.0200001 0.999594 -0.0202991 0.041784 0.0194498 0.998937 -0.00175282 0.000522247 0.000220911 1
0.999032 -0.0203017 -0.0390172 0.0195465 0.999616 -0.019641 0.0394009 0.0188593 0.999045 -0.00246665 0.000431091 0.000664895 1
0.998984 -0.0207447 -0.0400126 0.0199564 0.999601 -0.0200001 0.0404115 0.0191813 0.998999 -0.00208523 0.000446249 0.000555366 1
0.998927 -0.021067 -0.0412396 0.0202528 0.999594 -0.0200616 0.0416455 0.0192048 0.998948 -0.00173997 0.000481237 0.00067479 1
0.998787 -0.0217229 -0.0441864 0.0208374 0.999575 -0.0204023 0.0446108 0.0194569 0.998815 -0.000933035 0.000577536 0.000544064 1
0.998701 -0.0221624 -0.0458925 0.0212396 0.999564 -0.0204996 0.0463268 0.0194982 0.998736 -0.000413561 0.000664376 0.000405015 1
0.99852 -0.0228766 -0.0493389 0.0218676 0.999543 -0.020894 0.0497943 0.0197842 0.998564 0.000500873 0.00077181 0.000179282 1
0.998409 -0.0232732 -0.0513692 0.0222295 0.999537 -0.020797 0.0518294 0.019622 0.998463 0.00104409 0.000848036 0.00013247 1
0.998429 -0.0232492 -0.0509887 0.0222241 0.999541 -0.0205805 0.0514438 0.0194149 0.998487 0.000969064 0.000827621 6.06263e-05 1
0.998413 -0.0235282 -0.0511742 0.0224998 0.999535 -0.0205798 0.0516346 0.0193957 0.998478 0.00119004 0.000842885 -5.90763e-05 1
0.998446 -0.0236233 -0.0504814 0.0226155 0.999535 -0.0204431 0.0509408 0.0192697 0.998516 0.00115758 0.000802835 1.03818e-05 1
0.998484 -0.0234034 -0.0498171 0.0224237 0.999546 -0.0201351 0.0502657 0.0189875 0.998555 0.000889178 0.000741261 0.000201942 1
0.998537 -0.0233265 -0.0487841 0.0223764 0.999551 -0.0199313 0.0492272 0.0188106 0.99861 0.000702937 0.000708221 0.000139725 1
0.998718 -0.0231776 -0.0449921 0.0223189 0.999561 -0.0194967 0.0454242 0.0184676 0.998797 0.00014524 0.000641396 0.000296368 1
0.998797 -0.0226803 -0.0434753 0.0218661 0.999578 -0.0191114 0.0438905 0.0181377 0.998872 -0.000426097 0.000556951 0.000491809 1
0.999037 -0.0222822 -0.0377981 0.0215455 0.999572 -0.0197858 0.0382228 0.0189524 0.999089 -0.00149386 0.000642996 -0.000254341 1
0.999202 -0.0227381 -0.0328508 0.0221053 0.999566 -0.019497 0.0332799 0.0187552 0.99927 -0.00169994 0.000629879 -0.000215269 1
0.999157 -0.0229953 -0.0340203 0.0223353 0.999557 -0.0196556 0.0344572 0.0188792 0.999228 -0.00136688 0.000674271 -0.000268964 1
0.999012 -0.0233393 -0.0378163 0.0225974 0.999546 -0.0199278 0.0382643 0.0190536 0.999086 -0.000686738 0.000729781 -0.000194727 1
0.999013 -0.0235302 -0.0376827 0.0227932 0.999543 -0.0198692 0.038133 0.0189906 0.999092 -0.000549753 0.000729742 -0.000195836 1
0.998747 -0.0238891 -0.0439633 0.0230691 0.999552 -0.0190669 0.0443991 0.0180288 0.998851 0.00056642 0.000663457 0.000568242 1
0.99851 -0.0238949 -0.0490582 0.0229648 0.999547 -0.019437 0.0495005 0.0182814 0.998607 0.00115601 0.000712349 0.000361955 1
0.998767 -0.0230628 -0.0439663 0.0222254 0.999564 -0.0194413 0.0443955 0.0184402 0.998844 -0.000155291 0.000658705 0.000216692 1
0.998752 -0.0232063 -0.0442334 0.0223629 0.99956 -0.019468 0.0446657 0.0184545 0.998832 1.72889e-05 0.00067517 7.07512e-05 1
0.998893 -0.0227889 -0.0411561 0.0220207 0.999577 -0.0190229 0.0415721 0.0180955 0.998972 -0.000663658 0.000566148 0.000292009 1
0.999121 -0.0214973 -0.035995 0.0208491 0.999615 -0.0182886 0.0363743 0.017522 0.999185 -0.00229897 0.000349042 0.000661381 1
0.999233 -0.0210697 -0.033011 0.0204917 0.999632 -0.0177506 0.0333728 0.0170606 0.999297 -0.0029362 0.000255514 0.000951893 1
0.999079 -0.021522 -0.0371252 0.0208878 0.999631 -0.0173856 0.0374857 0.0165941 0.999159 -0.00199069 0.000237467 0.00127829 1
0.999196 -0.021193 -0.0340335 0.0206103 0.999636 -0.0173816 0.0343895 0.0166662 0.99927 -0.00260307 0.000145882 0.00121332 1
0.999088 -0.0222846 -0.0364116 0.02164 0.999604 -0.0180011 0.0367984 0.0171968 0.999175 -0.0014191 0.000297725 0.000699305 1
0.998938 -0.0231953 -0.0398037 0.0224733 0.999576 -0.0184925 0.0402158 0.0175784 0.999036 -0.000232091 0.000413481 0.000449889 1
0.998797 -0.0235535 -0.04301 0.022758 0.999562 -0.0188937 0.0434362 0.0178921 0.998896 0.000442422 0.000491901 0.000286735 1
0.998743 -0.0238006 -0.0441184 0.0229781 0.999554 -0.0190573 0.0445523 0.0180196 0.998845 0.000806175 0.000536954 0.000219495 1
0.998605 -0.0242505 -0.0468943 0.0233771 0.999545 -0.0190842 0.0473357 0.0179614 0.998718 0.0015589 0.000622211 0.000135802 1
0.998503 -0.0239634 -0.0491597 0.0230484 0.999552 -0.0190959 0.0495953 0.0179342 0.998608 0.00163831 0.000629694 0.00035454 1
0.998615 -0.023954 -0.0468335 0.0230923 0.999556 -0.0188544 0.0472643 0.0177468 0.998725 0.00143344 0.000603995 0.000469182 1
0.998606 -0.0237931 -0.0471111 0.0229268 0.99956 -0.0188454 0.0475387 0.017739 0.998712 0.00139347 0.000595956 0.000504783 1
0.998624 -0.0235336 -0.0468645 0.0226746 0.999567 -0.0187771 0.0472861 0.0176886 0.998725 0.00121224 0.000561308 0.000601821 1
0.998822 -0.0226375 -0.0429119 0.0218695 0.999594 -0.0182836 0.0433083 0.0173236 0.998912 0.000111793 0.000439262 0.000888877 1
0.99889 -0.0224438 -0.0414051 0.021703 0.999598 -0.018254 0.0417981 0.0173351 0.998976 -0.000177704 0.000378831 0.000939969 1
0.998737 -0.022659 -0.0448509 0.0218346 0.999585 -0.0187845 0.0452579 0.0177815 0.998817 0.000416509 0.000455153 0.000652711 1
0.998836 -0.0224549 -0.0426867 0.0216645 0.999587 -0.0188893 0.0430932 0.0179426 0.99891 3.82351e-05 0.000389045 0.000543068 1
0.998942 -0.0222651 -0.0402446 0.0215143 0.999588 -0.0189946 0.0406509 0.0181087 0.999009 -0.000370718 0.000325825 0.000436734 1
0.998807 -0.0225429 -0.0433203 0.0217231 0.999578 -0.0193017 0.0437371 0.0183377 0.998875 0.00023906 0.000380174 0.000305711 1
0.998806 -0.0222237 -0.0434949 0.0214042 0.999586 -0.0192162 0.043904 0.0182623 0.998869 6.14019e-05 0.000371334 0.000307274 1
0.998965 -0.0218521 -0.0398919 0.0211063 0.999596 -0.0190233 0.0402915 0.0181616 0.999023 -0.000636091 0.000273266 0.000309076 1
0.999007 -0.0214871 -0.0390235 0.0207743 0.999611 -0.0185824 0.0394077 0.0177532 0.999065 -0.000966076 0.000236703 0.000560151 1
0.999077 -0.0209781 -0.037477 0.0202863 0.999618 -0.0187457 0.0378559 0.0179681 0.999122 -0.00153011 0.000222952 0.000414304 1
0.999049 -0.0212261 -0.0380759 0.020519 0.999611 -0.0188652 0.0384615 0.0180659 0.999097 -0.00126122 0.000244558 0.000595215 1
0.998992 -0.0218055 -0.0392389 0.0210639 0.999593 -0.0192148 0.0396419 0.0183689 0.999045 -0.000641626 0.000329207 0.000311319 1
0.998939 -0.0218128 -0.0405554 0.0210381 0.99959 -0.0194322 0.0409627 0.0185583 0.998988 -0.000457159 0.000331566 0.000465798 1
0.998959 -0.0220366 -0.039951 0.0212702 0.999583 -0.019508 0.0403643 0.0186379 0.999011 -0.000314219 0.000345636 0.000440977 1
0.998892 -0.0224109 -0.0413827 0.0216182 0.999576 -0.0195068 0.0418023 0.0185906 0.998953 0.000187596 0.000351838 0.000607106 1
0.999085 -0.0214981 -0.0369808 0.0207575 0.999579 -0.0202937 0.0374015 0.0195075 0.99911 -0.00106293 0.000366406 -0.000272693 1
0.999071 -0.0213239 -0.0374567 0.0205754 0.999583 -0.0202564 0.037873 0.0194668 0.999093 -0.00110094 0.000361672 -0.000150505 1
0.998974 -0.0216355 -0.0397869 0.0208376 0.999576 -0.0203611 0.0402105 0.0195111 0.999001 -0.000516433 0.000451491 -0.000346107 1
0.998933 -0.0221015 -0.0405478 0.0212777 0.999561 -0.0206365 0.0409861 0.0197517 0.998964 -2.69919e-05 0.000509644 -0.000636743 1
0.998791 -0.0224035 -0.0437592 0.0215167 0.999556 -0.0206327 0.044202 0.0196662 0.998829 0.000656485 0.000611951 -0.000712653 1
0.998613 -0.0228425 -0.0474375 0.0219234 0.999563 -0.0198073 0.0478693 0.0187399 0.998678 0.00155311 0.0005609 -3.5376e-05 1
0.998644 -0.0226289 -0.046878 0.0217218 0.999569 -0.0197695 0.0473051 0.0187244 0.998705 0.00133019 0.000505136 0.0001855 1
0.998672 -0.0223938 -0.0463972 0.0215051 0.999577 -0.019566 0.0468158 0.0185423 0.998731 0.00109198 0.000453462 0.000562217 1
0.998543 -0.0221173 -0.0492255 0.0211693 0.999582 -0.0196965 0.0496406 0.0186257 0.998593 0.00118511 0.000450546 0.000975861 1
0.998686 -0.0223505 -0.0461261 0.0214657 0.999578 -0.0195891 0.0465445 0.0185732 0.998744 0.00102804 0.000432505 0.000826944 1
0.998809 -0.0220603 -0.0435251 0.0212075 0.999576 -0.0199598 0.0439469 0.0190129 0.998853 0.000437434 0.000411016 0.000608728 1
0.998782 -0.022378 -0.0439803 0.0215119 0.999567 -0.0200686 0.0444103 0.0190981 0.998831 0.000749606 0.000466211 0.000365621 1
0.998785 -0.0225191 -0.043837 0.021656 0.999564 -0.0200665 0.0442698 0.0190927 0.998837 0.000831631 0.000468979 0.000400657 1
0.998881 -0.0224905 -0.0416109 0.0216764 0.999567 -0.0199133 0.0420407 0.018989 0.998935 0.000548442 0.000410517 0.000213434 1
0.999014 -0.0215977 -0.0387977 0.020805 0.999569 -0.0207205 0.0392285 0.0198929 0.999032 -0.000607361 0.000437376 -0.000239883 1
0.998786 -0.022546 -0.0438025 0.0216541 0.999551 -0.0207291 0.0442502 0.0197555 0.998825 0.000768611 0.000590515 -0.000165307 1
0.998817 -0.0225697 -0.0430814 0.0216978 0.999552 -0.0206004 0.0435271 0.0196413 0.998859 0.000676309 0.00055323 0.000141881 1
0.998969 -0.0219648 -0.0397282 0.0211432 0.999556 -0.0209845 0.0401715 0.0201228 0.99899 -0.000207863 0.000521062 -0.000356835 1
0.999041 -0.0212151 -0.0382961 0.0204358 0.999578 -0.020628 0.0387176 0.0198256 0.999053 -0.000986015 0.00043888 -7.11939e-05 1
0.99881 -0.0219232 -0.0435764 0.0210625 0.999576 -0.0201152 0.0439989 0.0191734 0.998848 0.000280716 0.000426366 0.000534748 1
0.999005 -0.0216016 -0.0390291 0.020842 0.999587 -0.0197659 0.0394399 0.0189327 0.999043 -0.000472818 0.000335956 0.00067389 1
0.998969 -0.0218092 -0.0398256 0.021022 0.999577 -0.0200798 0.0402467 0.0192219 0.999005 -0.0001901 0.000407667 0.000245098 1
0.998778 -0.0225133 -0.0439963 0.0216508 0.999566 -0.0199824 0.0444271 0.0190055 0.998832 0.000889943 0.000505741 0.000442356 1
0.998619 -0.023623 -0.0469319 0.0226784 0.999531 -0.0205584 0.0473955 0.0194657 0.998687 0.00212259 0.000660267 0.000263657 1
0.998722 -0.0237618 -0.0446116 0.0228736 0.999532 -0.0203173 0.0450735 0.0192709 0.998798 0.0019736 0.000638903 0.000347528 1
0.998533 -0.0240545 -0.0485086 0.0230649 0.999516 -0.0208577 0.0489869 0.0197083 0.998605 0.00263865 0.000717658 7.44206e-05 1
0.998537 -0.0239426 -0.048477 0.0229537 0.999519 -0.0208551 0.048953 0.0197118 0.998607 0.00255353 0.000704982 0.000107576 1
0.998715 -0.0233328 -0.0449986 0.0224139 0.999532 -0.0208165 0.0454633 0.0197811 0.99877 0.00163792 0.000580624 0.000110278 1
0.99888 -0.0224879 -0.0416373 0.0216244 0.999544 -0.0210746 0.0420923 0.0201506 0.998911 0.00056787 0.00051393 -0.000296676 1
0.998962 -0.0216234 -0.040086 0.0207659 0.999549 -0.0216862 0.0405368 0.0208313 0.998961 -0.000329607 0.000490911 -0.000778783 1
0.998942 -0.0216004 -0.040595 0.0207342 0.999551 -0.0216382 0.0410441 0.0207736 0.998941 -0.000287563 0.00050324 -0.00075336 1
0.999183 -0.0206483 -0.0347381 0.0198825 0.999555 -0.0222477 0.035182 0.0215388 0.999149 -0.00183305 0.000508978 -0.00132384 1
0.999043 -0.0215528 -0.0380668 0.0207088 0.999534 -0.0224285 0.0385325 0.0216187 0.999023 -0.00070916 0.000651532 -0.00159344 1
0.998863 -0.0225091 -0.0420248 0.0215876 0.999519 -0.0222536 0.0425055 0.0213211 0.998869 0.000512116 0.000743372 -0.00134875 1
0.998714 -0.0230535 -0.0451529 0.0220866 0.999518 -0.0217958 0.0456336 0.0207705 0.998742 0.00130067 0.000752161 -0.000767124 1
0.998867 -0.0224768 -0.0419541 0.021597 0.99954 -0.0213054 0.0424136 0.0203752 0.998892 0.000456136 0.000628123 -0.000501508 1
0.998613 -0.0231171 -0.0473132 0.0221631 0.999542 -0.0205895 0.0477675 0.0195123 0.998668 0.00166103 0.00059066 0.000214848 1
0.998753 -0.0224011 -0.044621 0.0215192 0.999565 -0.0201467 0.0450529 0.0191614 0.998801 0.000772133 0.000490774 0.000510689 1
0.998808 -0.0221507 -0.043485 0.0212938 0.999572 -0.0200707 0.0439109 0.0191209 0.998852 0.000426253 0.000457783 0.000460619 1
0.998792 -0.022193 -0.0438467 0.0213258 0.99957 -0.0201486 0.044275 0.0191892 0.998835 0.000486666 0.000487815 0.000376471 1
0.998641 -0.0229158 -0.0468125 0.0219641 0.999544 -0.020744 0.0472665 0.0196876 0.998688 0.00136749 0.000630787 4.04661e-05 1
0.998852 -0.021885 -0.0426087 0.0210441 0.999577 -0.0200865 0.0430302 0.0191668 0.99889 6.45874e-06 0.000480693 0.000304435 1
0.998864 -0.02197 -0.0422894 0.0211352 0.999575 -0.0200883 0.0427127 0.0191717 0.998903 2.00696e-05 0.000503161 0.000295339 1
0.998798 -0.0223852 -0.0435959 0.0215127 0.999561 -0.0203801 0.0440329 0.0194177 0.998841 0.000472542 0.000588567 0.000103684 1
0.998975 -0.0217395 -0.0397145 0.0209129 0.999558 -0.0211128 0.040156 0.0202606 0.998988 -0.000579458 0.000620844 -0.000594818 1
0.999049 -0.0213334 -0.0380195 0.0205548 0.999573 -0.0207522 0.038446 0.019951 0.999061 -0.00112832 0.000534153 -0.000361042 1
0.998906 -0.0223325 -0.0410865 0.0214708 0.999543 -0.0212953 0.0415433 0.0203898 0.998929 2.39519e-05 0.000670691 -0.000644797 1
0.998771 -0.0228852 -0.0439604 0.0219504 0.999525 -0.0216316 0.0444346 0.02064 0.998799 0.00072173 0.000748327 -0.000622209 1
0.998883 -0.0224676 -0.0415626 0.0216011 0.999542 -0.0211799 0.0420195 0.0202585 0.998911 8.62831e-05 0.000658508 -0.000365744 1
0.998676 -0.0231912 -0.045908 0.0222666 0.999541 -0.0205511 0.0463635 0.0195017 0.998734 0.00120726 0.000670854 0.000111743 1
0.998804 -0.0230747 -0.0431041 0.0221771 0.99953 -0.0211882 0.0435727 0.0202069 0.998846 0.000715477 0.000700104 -0.000365381 1
0.998831 -0.0238195 -0.0420634 0.0229373 0.999509 -0.0213325 0.0425509 0.0203427 0.998887 0.00116802 0.000781751 -0.000613786 1
0.998788 -0.0240731 -0.0429268 0.0231648 0.9995 -0.0215339 0.0434238 0.0205134 0.998846 0.00147043 0.000851885 -0.000929995 1
0.998674 -0.0246905 -0.0451722 0.0237215 0.99948 -0.0218626 0.0456885 0.020762 0.99874 0.00218482 0.000942081 -0.000925346 1
0.998673 -0.0247756 -0.0451574 0.0238071 0.999478 -0.0218613 0.0456754 0.0207572 0.998741 0.00224727 0.000949793 -0.000923503 1
0.998662 -0.0252483 -0.0451411 0.0242808 0.999466 -0.0218547 0.0456688 0.0207294 0.998742 0.00262155 0.000968279 -0.000859588 1
0.998676 -0.0245502 -0.045213 0.0235926 0.999488 -0.0215927 0.04572 0.0204974 0.998744 0.00208613 0.000884681 -0.000571883 1
0.998697 -0.0246057 -0.0447156 0.023659 0.999487 -0.0215777 0.0452236 0.0204917 0.998767 0.00207876 0.000871995 -0.000627993 1
0.998695 -0.0246909 -0.0447092 0.0237424 0.999484 -0.0216232 0.04522 0.0205334 0.998766 0.00216007 0.000881009 -0.000791289 1
0.998862 -0.0238318 -0.0413148 0.0229845 0.999518 -0.0208622 0.0417921 0.0198889 0.998928 0.00106598 0.000721463 -0.000374326 1
0.998643 -0.0242653 -0.0460772 0.0233367 0.999516 -0.0205853 0.0465544 0.019482 0.998726 0.00200243 0.000812577 -0.000200456 1
0.998719 -0.0241753 -0.0444567 0.0232585 0.999508 -0.0210252 0.0449432 0.0199643 0.99879 0.00168303 0.000812343 -0.00047855 1
0.998802 -0.0239377 -0.0426718 0.0230734 0.999521 -0.0206335 0.0431453 0.0196242 0.998876 0.00127353 0.000737062 -0.000190254 1
0.998833 -0.0241011 -0.0418638 0.0232612 0.999521 -0.0204335 0.0423362 0.0194358 0.998914 0.00126227 0.00070999 0.00014039 1
0.998605 -0.0258454 -0.0460425 0.024885 0.999463 -0.0213122 0.0465686 0.0201367 0.998712 0.00311516 0.000971423 -0.000401872 1
0.998833 -0.0251448 -0.0412301 0.0243112 0.999492 -0.0205952 0.041727 0.0195689 0.998937 0.00193126 0.000770201 0.000211034 1
0.998615 -0.0265953 -0.0453943 0.0256775 0.999456 -0.0206832 0.0459197 0.0194889 0.998755 0.00354719 0.000958477 0.000149738 1
0.998524 -0.0277926 -0.046665 0.0268274 0.999416 -0.0211831 0.0472264 0.0198999 0.998686 0.00456525 0.00111928 -0.000128978 1
0.998608 -0.0282807 -0.0445198 0.0273665 0.999405 -0.0210132 0.0450876 0.0197656 0.998787 0.00466227 0.00117184 -0.000300529 1
0.99881 -0.0285012 -0.0395813 0.0276788 0.999393 -0.0211729 0.0401607 0.0200521 0.998992 0.0041127 0.00114474 -0.00041157 1
0.998698 -0.0306083 -0.0408028 0.0297256 0.999315 -0.0220659 0.0414502 0.0208243 0.998924 0.00580719 0.00141695 -0.0010875 1
0.998699 -0.0319023 -0.03979 0.0310299 0.999268 -0.0223534 0.040474 0.0210896 0.998958 0.00656694 0.00154554 -0.00117037 1
0.998892 -0.0323454 -0.0341923 0.0315588 0.99923 -0.0232985 0.0349196 0.0221936 0.999144 0.00602116 0.00172152 -0.00196317 1
0.998729 -0.034776 -0.0364832 0.0338998 0.999128 -0.0243661 0.0372988 0.0230983 0.999037 0.00801415 0.00205159 -0.00259198 1
0.998641 -0.0362995 -0.0373838 0.0354069 0.999078 -0.0242668 0.0382302 0.0229102 0.999006 0.00920386 0.00225069 -0.0025114 1
0.998672 -0.0377777 -0.0350362 0.036927 0.999015 -0.0246182 0.0359317 0.0232917 0.999083 0.009881 0.00246457 -0.00284684 1
0.998617 -0.0392577 -0.034973 0.0383979 0.998952 -0.0249272 0.0359149 0.0235498 0.999077 0.0108426 0.00266827 -0.00292008 1
0.998424 -0.0410498 -0.0382769 0.0401383 0.998899 -0.0242877 0.0392317 0.022713 0.998972 0.0125392 0.00276295 -0.00223023 1
0.998564 -0.0416857 -0.0336535 0.0408672 0.99886 -0.0246522 0.0346428 0.0232415 0.999129 0.0122607 0.00285938 -0.0025407 1
0.998576 -0.0431378 -0.0313806 0.042334 0.998769 -0.0258414 0.0324567 0.0244761 0.999173 0.0128435 0.00313647 -0.00338614 1
0.998398 -0.0454656 -0.0336765 0.0446047 0.998669 -0.0258865 0.0348086 0.0243429 0.999097 0.014751 0.00339726 -0.00313652 1
0.998295 -0.0480484 -0.0331471 0.0471904 0.998542 -0.0261976 0.0343576 0.0245887 0.999107 0.0164685 0.00367653 -0.00343048 1
0.998296 -0.0499865 -0.0301175 0.0492179 0.998456 -0.0257423 0.0313578 0.0242161 0.999215 0.0173143 0.00384888 -0.00321277 1
0.998039 -0.0535538 -0.0323978 0.0527444 0.998286 -0.0253417 0.0336994 0.0235832 0.999154 0.0201019 0.00417398 -0.00260177 1
0.997829 -0.0570054 -0.0329746 0.0562158 0.998121 -0.0243976 0.0343034 0.0224909 0.999158 0.0226526 0.00444325 -0.00182658 1
0.997664 -0.0596637 -0.0332715 0.058855 0.997959 -0.0247773 0.0346819 0.0227612 0.999139 0.0244449 0.0047741 -0.00205955 1
0.997738 -0.0608303 -0.0286039 0.0601471 0.997897 -0.0241668 0.0300138 0.0223917 0.999299 0.0244464 0.00487898 -0.00178928 1
0.99738 -0.0649942 -0.031769 0.064195 0.99761 -0.0255598 0.0333543 0.0234534 0.999168 0.0277789 0.00546512 -0.00250937 1
0.997172 -0.0677775 -0.032473 0.0669389 0.997412 -0.0262523 0.0341683 0.0240044 0.999128 0.02972 0.00588934 -0.00304867 1
0.997001 -0.0704012 -0.0321254 0.0695465 0.997214 -0.0269882 0.0339359 0.0246731 0.999119 0.0313402 0.00621797 -0.00338279 1
0.996793 -0.0732852 -0.0321551 0.072415 0.996997 -0.0274429 0.0340697 0.0250264 0.999106 0.033272 0.00663426 -0.003678 1
0.99637 -0.0775249 -0.0351683 0.0765398 0.996658 -0.0285431 0.0372635 0.0257477 0.998974 0.0366425 0.00724024 -0.00412628 1
0.99626 -0.0798 -0.0331371 0.0788734 0.99648 -0.0283876 0.0352858 0.0256678 0.999048 0.0378515 0.00751809 -0.00406088 1
0.99629 -0.0809753 -0.0291515 0.0801821 0.996403 -0.0274223 0.0312672 0.0249831 0.999199 0.0379608 0.00760703 -0.00351512 1
0.996018 -0.0842598 -0.0291306 0.0834636 0.99613 -0.0275492 0.0313391 0.0250082 0.999196 0.0401778 0.00812545 -0.00364464 1
0.995898 -0.0870739 -0.024611 0.0864002 0.995888 -0.0272288 0.0268807 0.0249907 0.999326 0.0414125 0.00848717 -0.00367381 1
0.995667 -0.0908408 -0.0198878 0.0902977 0.995557 -0.0266877 0.0222238 0.0247763 0.999446 0.0433345 0.00905332 -0.00388208 1
0.995367 -0.094794 -0.0160674 0.0943463 0.995183 -0.0266449 0.0185157 0.0250056 0.999516 0.0454126 0.00972119 -0.00425536 1
0.994952 -0.0998583 -0.00994702 0.0995664 0.994679 -0.02646 0.0125363 0.0253361 0.9996 0.047962 0.010547 -0.00486513 1
0.99452 -0.104366 -0.00622329 0.104167 0.994205 -0.026552 0.00895835 0.0257582 0.999628 0.0503159 0.0114578 -0.00558987 1
0.994095 -0.108507 -0.00112006 0.108441 0.993757 -0.0262326 0.00395949 0.0259562 0.999655 0.0521366 0.0123168 -0.00607041 1
0.993692 -0.112058 0.00430499 0.112133 0.993346 -0.0262484 -0.00133499 0.0265656 0.999646 0.0533687 0.0131495 -0.00669795 1
0.993199 -0.115814 0.0119821 0.116093 0.992898 -0.0259849 -0.00888761 0.0271992 0.999591 0.0544725 0.0140648 -0.00772104 1
0.992653 -0.120071 0.0149602 0.120443 0.99235 -0.0271238 -0.0115889 0.0287263 0.99952 0.0565023 0.0153175 -0.00938088 1
0.992038 -0.123688 0.0236925 0.124315 0.991873 -0.0271035 -0.0201476 0.029833 0.999352 0.0572884 0.0162601 -0.0105758 1
0.991502 -0.126594 0.0299611 0.127432 0.991454 -0.0279215 -0.0261704 0.0315022 0.999161 0.0578443 0.0173926 -0.0125423 1
0.991111 -0.126566 0.0409784 0.127787 0.991387 -0.0286717 -0.0369966 0.0336533 0.998749 0.0555286 0.0181554 -0.0145726 1
0.990834 -0.124856 0.0515569 0.126504 0.991511 -0.0300412 -0.0473684 0.0362881 0.998218 0.0518973 0.0188501 -0.0168473 1
0.990497 -0.124758 0.057884 0.126655 0.991483 -0.0303408 -0.0536058 0.0373838 0.997862 0.0501507 0.0194922 -0.017893 1
0.990285 -0.121668 0.0673226 0.123973 0.991795 -0.0311836 -0.0629762 0.0392268 0.997244 0.0456579 0.0199327 -0.0195576 1
0.989903 -0.120128 0.0752364 0.122715 0.991965 -0.0307527 -0.0709376 0.0396748 0.996691 0.042612 0.0202238 -0.0199324 1
0.989508 -0.122131 0.0771815 0.124746 0.991735 -0.0300005 -0.0728796 0.0393139 0.996566 0.0430926 0.0208061 -0.0198146 1
0.989587 -0.124511 0.07221 0.126865 0.991497 -0.0289638 -0.0679897 0.0378231 0.996969 0.044839 0.0213544 -0.0187833 1
0.989691 -0.124639 0.0705467 0.126891 0.991511 -0.02837 -0.0664118 0.0370293 0.997105 0.0443922 0.021694 -0.0181999 1
0.98981 -0.127183 0.0640294 0.129119 0.99126 -0.02704 -0.0600307 0.0350319 0.997582 0.0465584 0.0220898 -0.0168208 1
0.99012 -0.127589 0.0581725 0.129286 0.991256 -0.0263989 -0.0542956 0.033659 0.997957 0.0469688 0.0223026 -0.0155003 1
0.990667 -0.126495 0.0507738 0.12792 0.991447 -0.0258669 -0.0470675 0.0321205 0.998375 0.0464522 0.0223641 -0.0142425 1
0.990851 -0.125304 0.0501372 0.126641 0.991647 -0.0244457 -0.0466553 0.0305714 0.998443 0.0450745 0.0221512 -0.0129215 1
0.99092 -0.125421 0.0484457 0.12665 0.991676 -0.0231857 -0.0451345 0.0291108 0.998557 0.044875 0.0220184 -0.0116093 1
0.991148 -0.12481 0.0452473 0.125899 0.991798 -0.0220514 -0.042124 0.0275528 0.998732 0.0443091 0.0218265 -0.0100739 1
0.991237 -0.124889 0.0430302 0.125856 0.991836 -0.0205312 -0.0401148 0.0257669 0.998863 0.0442113 0.0216247 -0.00862888 1
0.991256 -0.124924 0.0424939 0.125812 0.991874 -0.018883 -0.0397896 0.0240641 0.998918 0.0438982 0.0212909 -0.00697436 1
0.991321 -0.125688 0.0385395 0.126438 0.991817 -0.017678 -0.0360022 0.0223974 0.999101 0.0445924 0.0211673 -0.00553868 1
0.991477 -0.125544 0.0348286 0.126178 0.991868 -0.0166649 -0.0324532 0.0209175 0.999254 0.0445855 0.0209678 -0.00428271 1
0.99148 -0.126041 0.0328758 0.126599 0.991833 -0.0154715 -0.0306572 0.0195017 0.99934 0.0448786 0.0207035 -0.00280322 1
0.991543 -0.125907 0.0314732 0.126415 0.991869 -0.0146821 -0.0293687 0.0185366 0.999397 0.0446534 0.0204116 -0.00175591 1
0.991577 -0.12677 0.026539 0.127182 0.991774 -0.0144561 -0.0244881 0.0177097 0.999543 0.04568 0.0203665 -0.0010414 1
0.991625 -0.127237 0.0221528 0.127575 0.991722 -0.0145708 -0.0201155 0.0172749 0.999648 0.0463511 0.0202582 -0.000338557 1
0.991858 -0.125786 0.0199093 0.126084 0.991913 -0.0145306 -0.0179206 0.0169225 0.999696 0.0453185 0.0198956 0.000510084 1
0.992222 -0.123316 0.0170126 0.123571 0.992224 -0.0148888 -0.0150443 0.0168752 0.999744 0.0436262 0.0195439 0.000930121 1
0.992517 -0.12157 0.0114518 0.121742 0.992437 -0.0157475 -0.00945075 0.0170239 0.99981 0.0428538 0.0193638 0.00107292 1
0.992901 -0.118387 0.0115245 0.118562 0.992818 -0.0159902 -0.0095487 0.017243 0.999806 0.0403332 0.0188788 0.00108764 1
0.993325 -0.114968 0.00937903 0.115111 0.993214 -0.0165753 -0.00740976 0.0175443 0.999819 0.0378961 0.0184575 0.00115216 1
0.99369 -0.111595 0.0112734 0.111767 0.993606 -0.0159796 -0.00941803 0.0171388 0.999809 0.0350499 0.0178193 0.00159341 1
0.994038 -0.108287 0.0127402 0.108479 0.993978 -0.0155171 -0.0109832 0.0168066 0.999798 0.0322826 0.0171816 0.00208355 1
0.994323 -0.105522 0.0136797 0.105726 0.994278 -0.0152385 -0.0119935 0.0165983 0.99979 0.0299992 0.0166255 0.00246114 1
0.994613 -0.102802 0.0132854 0.103001 0.994563 -0.0153315 -0.011637 0.0166173 0.999794 0.0278583 0.016104 0.00305563 1
0.994846 -0.0999837 0.0168968 0.100226 0.994864 -0.0141309 -0.0153972 0.0157516 0.999757 0.0252258 0.0154483 0.00397806 1
0.994999 -0.0989977 0.0132462 0.0991924 0.994956 -0.0149501 -0.0116994 0.0161892 0.9998 0.0248105 0.0152701 0.00380731 1
0.995162 -0.0979656 0.00745097 0.0980731 0.995054 -0.0157744 -0.00586878 0.0164288 0.999848 0.02462 0.0151963 0.00372613 1
0.995348 -0.0961916 0.00549057 0.0962675 0.99523 -0.0158215 -0.00394248 0.0162765 0.99986 0.0233665 0.0148702 0.00417229 1
0.995515 -0.0946051 0.000587384 0.0946024 0.995387 -0.0159421 0.000923526 0.0159261 0.999873 0.0226104 0.0146846 0.00456801 1
0.99571 -0.0925246 -0.000662661 0.0925011 0.995575 -0.0165252 0.00218872 0.0163931 0.999863 0.0209477 0.0143482 0.00459437 1
0.995875 -0.0906984 -0.00256604 0.0906449 0.99575 -0.0163108 0.0040345 0.0160109 0.999864 0.019593 0.0140244 0.00520083 1
0.996023 -0.0890604 -0.00257081 0.0890085 0.995903 -0.015956 0.00398133 0.0156637 0.999869 0.0181485 0.0136474 0.00574593 1
0.996147 -0.0875368 -0.00530354 0.0874435 0.996044 -0.0158274 0.00666804 0.0153027 0.999861 0.0171072 0.0134053 0.00617561 1
0.996313 -0.0857255 -0.00337148 0.0856657 0.99621 -0.0150635 0.00465002 0.0147191 0.999881 0.015278 0.0129338 0.00688064 1
0.996404 -0.0845969 -0.00479305 0.0845195 0.996316 -0.0145398 0.00600541 0.0140824 0.999883 0.0143807 0.0126438 0.00746596 1
0.996589 -0.0825042 -0.00165186 0.0824749 0.996503 -0.0133766 0.00274971 0.0131947 0.999909 0.0122181 0.0121889 0.00831912 1
0.99671 -0.0810452 -0.000742687 0.0810288 0.996628 -0.0129384 0.00178878 0.0128357 0.999916 0.0107945 0.0118702 0.00857259 1
0.996887 -0.07874 0.00401698 0.0787849 0.996812 -0.0125989 -0.00301214 0.0128761 0.999913 0.00821108 0.0114114 0.00886852 1
0.996956 -0.0778886 0.00361157 0.0779281 0.99688 -0.0125473 -0.00262302 0.0127905 0.999915 0.00741718 0.011247 0.00894938 1
0.997061 -0.0764253 0.00532727 0.0764843 0.997 -0.0119162 -0.00440058 0.0122886 0.999915 0.00591449 0.0109555 0.00954946 1
0.997143 -0.0755027 0.00228089 0.0755255 0.997065 -0.0125775 -0.00132457 0.0127138 0.999918 0.00533741 0.0108267 0.00941795 1
0.997315 -0.0731065 0.00424802 0.0731518 0.997252 -0.0117413 -0.00337798 0.0120206 0.999922 0.00306333 0.0103955 0.0102928 1
0.997373 -0.0724373 0.000370376 0.0724367 0.997306 -0.0115467 0.000467032 0.0115432 0.999933 0.00286816 0.0102645 0.0105866 1
0.997486 -0.0708661 -0.000534548 0.0708554 0.997421 -0.0114374 0.0013437 0.0113708 0.999934 0.00158157 0.0100018 0.0108473 1
0.997554 -0.0696667 -0.00575369 0.0695942 0.997504 -0.0119496 0.00657181 0.0115199 0.999912 0.00107275 0.00986936 0.0110825 1
0.997671 -0.0679819 -0.00554464 0.0679142 0.997624 -0.0116029 0.00632026 0.0111994 0.999917 -0.000417617 0.00956604 0.0114128 1
0.997706 -0.0671958 -0.0081736 0.0670943 0.997673 -0.0121135 0.00896856 0.0115373 0.999893 -0.000902843 0.00943872 0.0113718 1
0.997885 -0.0648024 -0.00502991 0.0647428 0.997839 -0.0112172 0.00574594 0.0108679 0.999924 -0.00330579 0.00897359 0.0121748 1
0.998023 -0.0626439 -0.0050562 0.0625855 0.997979 -0.0109779 0.00573368 0.0106397 0.999927 -0.00517789 0.00862911 0.0128933 1
0.998166 -0.0604773 -0.00255657 0.0604474 0.998116 -0.0104749 0.00318525 0.0103012 0.999942 -0.00732813 0.00822493 0.0131366 1
0.998292 -0.0583597 -0.00272056 0.0583293 0.998246 -0.0101599 0.00330872 0.00998388 0.999945 -0.00916362 0.00787806 0.0138999 1
0.998403 -0.0564166 -0.00303414 0.0563846 0.998361 -0.00975775 0.00357966 0.00957108 0.999948 -0.0108364 0.00757055 0.0144618 1
0.998509 -0.0545074 -0.00294264 0.0544768 0.998469 -0.00962183 0.0034626 0.00944718 0.999949 -0.0125597 0.00728945 0.0147861 1
0.998645 -0.0520417 -0.000332323 0.0520368 0.998607 -0.00870151 0.000784702 0.00867242 0.999962 -0.0150065 0.00686146 0.0153919 1
0.998791 -0.0491483 0.000383189 0.0491498 0.998764 -0.00733786 -2.20724e-05 0.00734782 0.999973 -0.0175663 0.00640317 0.016664 1
0.998889 -0.047114 -0.000399086 0.0471106 0.99887 -0.00632088 0.000696438 0.00629506 0.99998 -0.0192846 0.00607406 0.0174854 1
0.998993 -0.044834 -0.0014671 0.0448261 0.998982 -0.00498566 0.00168913 0.00491487 0.999986 -0.021183 0.00569437 0.0188059 1
0.999099 -0.0424259 -0.000658948 0.0424236 0.999095 -0.00319806 0.000794032 0.00316723 0.999995 -0.0233765 0.00524508 0.0203118 1
0.999172 -0.0405444 -0.00345313 0.0405375 0.999176 -0.00204401 0.00353316 0.00190233 0.999992 -0.0247493 0.00491156 0.0214202 1
0.999223 -0.0391456 -0.00451872 0.0391413 0.999233 -0.00104188 0.00455604 0.000864207 0.999989 -0.0259597 0.004605 0.0221361 1
0.999391 -0.0348989 0.000212801 0.0348987 0.99939 0.000959206 -0.000246146 -0.000951196 1 -0.0301143 0.00401034 0.0236693 1
0.999527 -0.0301607 0.00601671 0.0301475 0.999543 0.00226154 -0.00608217 -0.00207908 0.999979 -0.0348249 0.00349214 0.0244833 1
0.999628 -0.0266087 0.00593221 0.026589 0.999641 0.00337762 -0.00601995 -0.00321864 0.999977 -0.0378987 0.00307349 0.0256263 1
0.999691 -0.0239359 0.00673306 0.0239008 0.999701 0.00523517 -0.00685635 -0.00507262 0.999964 -0.0403406 0.0026546 0.0270499 1
0.999769 -0.0203229 0.0069831 0.0202723 0.999768 0.00723357 -0.00712849 -0.00709034 0.999949 -0.0434894 0.00216729 0.0290074 1
0.999803 -0.0189549 0.00580704 0.0189024 0.999781 0.00896553 -0.00597571 -0.008854 0.999943 -0.0446482 0.00184483 0.0303624 1
0.999827 -0.0181047 0.00436303 0.0180538 0.999772 0.0114362 -0.00456908 -0.0113555 0.999925 -0.0453434 0.00144322 0.0323349 1
0.999861 -0.0162428 0.00364832 0.0161918 0.999777 0.0135916 -0.00386827 -0.0135307 0.999901 -0.0469864 0.00107779 0.0339444 1
0.999893 -0.0133308 0.00608494 0.013235 0.999792 0.0155198 -0.00629057 -0.0154376 0.999861 -0.0498975 0.000689199 0.0355591 1
0.999895 -0.0117168 0.00847637 0.0115733 0.999792 0.0167825 -0.00867124 -0.0166826 0.999823 -0.0518278 0.000413167 0.0365643 1
0.999928 -0.00977134 0.00690863 0.00964259 0.999784 0.0184305 -0.00708723 -0.0183625 0.999806 -0.0535478 0.000140781 0.037885 1
0.99996 -0.00824116 0.00353412 0.00817026 0.999774 0.0196276 -0.00369508 -0.019598 0.999801 -0.0547606 -6.60265e-05 0.0389956 1
0.999959 -0.00698476 0.00572959 0.00686392 0.999759 0.0208452 -0.0058738 -0.020805 0.999766 -0.0564538 -0.00032266 0.0401207 1
0.999974 -0.00464478 0.00552774 0.0045197 0.999738 0.0224294 -0.00563048 -0.0224038 0.999733 -0.0586663 -0.000611318 0.0417383 1
0.999982 -0.0019787 0.00574786 0.00183767 0.9997 0.0244388 -0.00579449 -0.0244278 0.999685 -0.0611422 -0.000919323 0.0434086 1
0.999953 0.000116956 0.00968466 -0.000365197 0.999671 0.0256347 -0.00967847 -0.025637 0.999624 -0.0636919 -0.00124191 0.044785 1
0.999878 0.00324535 0.0152909 -0.0036625 0.99962 0.0273324 -0.0151964 -0.027385 0.999509 -0.0672146 -0.00161017 0.0464083 1
