NO_OF_FRAMES	31576
FREQUENCY	100
DATA_INCLUDED	6DOF(row-major-order)
ORDER	R11 R12 R13 R21 R22 R23 R31 R32 R33 Tx Ty Tz RMS
SOURCE_FILE	/afs/inf.ed.ac.uk/group/cstr/projects/galatea/DB/MotionCapture/Recordings_October_2014/Markers/Bria/CSTR/Bria_02_e.tsv.gz,Head/Bria_02_e.dof.gz
RIGID_BODY_MARKERS	 1 2 3 4
PROGRAM_NAME	EstimateRigidBodyWithSegment,nm-head-orientation
REFERENCE_FRAME	3
SEGMENT_HALF_WIDTH	2
SEGMENT_WINDOW_TYPE	rectangle
REFERENCE_MARKER_1	-0.0228548 0.754587 0.00484548
REFERENCE_MARKER_2	0.00638258 0.788405 0.140654
REFERENCE_MARKER_3	0.0251246 0.765866 0.0744297
REFERENCE_MARKER_4	-0.022094 0.750601 0.207188
REFERENCE_CENTRE	-0.00336041 0.764865 0.106779
NOTES	Normalised_Head_Orientation
END_OF_HEADER
0.99529 0.0968956 -0.00300184 -0.0966343 0.99412 0.0488572 0.00771824 -0.048337 0.998801 0 0 0 1
0.99529 0.0968956 -0.00300184 -0.0966343 0.99412 0.0488572 0.00771824 -0.048337 0.998801 0 0 0 1
0.99529 0.0968956 -0.00300184 -0.0966343 0.99412 0.0488572 0.00771824 -0.048337 0.998801 -6.04192e-16 -6.15214e-16 -8.28774e-17 1
0.995253 0.0972711 -0.00307646 -0.0970069 0.994091 0.0487204 0.00779737 -0.0481907 0.998808 -0.000245675 1.90996e-05 -9.79452e-05 1
0.995221 0.0975952 -0.00307526 -0.0973308 0.99406 0.0487057 0.00781044 -0.0481737 0.998808 -0.000454994 1.43555e-05 -7.80183e-05 1
0.995219 0.0976128 -0.00319013 -0.0973425 0.994056 0.0487481 0.00792961 -0.0482045 0.998806 -0.000427896 -7.96511e-06 -3.23082e-05 1
0.995205 0.0977481 -0.00338407 -0.0974687 0.994047 0.0486883 0.00812311 -0.048125 0.998808 -0.000489152 -7.54935e-06 -6.0125e-05 1
0.995238 0.0974086 -0.0036913 -0.0971142 0.994078 0.0487662 0.00841969 -0.0481755 0.998803 -0.000182647 -4.68655e-05 2.05604e-05 1
0.995235 0.0974305 -0.00387713 -0.0971268 0.994075 0.0488013 0.00860889 -0.0481922 0.998801 -0.00016683 -5.33238e-05 5.82132e-05 1
0.995254 0.0972276 -0.00410843 -0.0969122 0.994091 0.0488932 0.00883793 -0.048263 0.998796 2.40525e-05 -8.07764e-05 0.000130249 1
0.995243 0.0973287 -0.00429507 -0.0970042 0.994082 0.0488914 0.00902819 -0.0482422 0.998795 -3.06797e-05 -6.99651e-05 0.00013616 1
0.995253 0.0972208 -0.0044498 -0.096888 0.994089 0.0489872 0.00918607 -0.0483236 0.998789 6.83054e-05 -8.73305e-05 0.000222109 1
0.995199 0.0977635 -0.0045598 -0.0974264 0.994045 0.0488222 0.00930567 -0.0481435 0.998797 -0.000339664 -3.17658e-05 0.00010909 1
0.995206 0.0976958 -0.00463541 -0.0973544 0.994048 0.0488953 0.00938468 -0.0482096 0.998793 -0.000287134 -4.25719e-05 0.000179794 1
0.995139 0.0983641 -0.00471322 -0.0980212 0.993998 0.0485819 0.00946364 -0.0478837 0.998808 -0.000813174 5.28649e-05 -5.44572e-05 1
0.995198 0.0977605 -0.00481111 -0.097412 0.99405 0.0487463 0.00954795 -0.0480436 0.9988 -0.000355274 -1.0088e-05 0.000101008 1
0.99525 0.0972335 -0.00477743 -0.0968858 0.994094 0.0488969 0.00950364 -0.0482018 0.998792 3.10151e-05 -6.01066e-05 0.000236937 1
0.995255 0.0971805 -0.00479283 -0.0968327 0.994102 0.0488278 0.00950968 -0.0481321 0.998796 4.76767e-05 -4.77584e-05 0.000201535 1
0.995263 0.0970967 -0.00485803 -0.0967471 0.994117 0.0487054 0.00955858 -0.0480047 0.998801 8.39376e-05 -2.80676e-05 0.0001335 1
0.995307 0.0966447 -0.00484691 -0.0962955 0.994157 0.0487802 0.00953294 -0.0480846 0.998798 0.000401812 -6.39576e-05 0.000220305 1
0.995304 0.096687 -0.00470025 -0.0963456 0.994157 0.0486843 0.00937993 -0.0480028 0.998803 0.000327548 -3.63691e-05 0.000163116 1
0.995267 0.0970598 -0.00473868 -0.0967192 0.994136 0.0483693 0.0094056 -0.047682 0.998818 4.88798e-06 3.8401e-05 -5.05012e-05 1
0.995283 0.096899 -0.00466397 -0.0965626 0.994154 0.0483123 0.00931811 -0.047634 0.998821 9.01137e-05 4.18319e-05 -6.50472e-05 1
0.995293 0.096804 -0.00461733 -0.096471 0.994168 0.048205 0.00925684 -0.0475327 0.998827 0.000131573 5.09489e-05 -0.000116782 1
0.995292 0.0968132 -0.00461469 -0.0964818 0.994175 0.048045 0.0092392 -0.0473735 0.998835 9.13896e-05 7.76528e-05 -0.000213224 1
0.995267 0.0970644 -0.00469904 -0.0967315 0.994165 0.0477351 0.009305 -0.0470546 0.998849 -0.000136884 0.000134493 -0.000419011 1
0.995304 0.0966842 -0.00469037 -0.0963521 0.994201 0.0477532 0.00928015 -0.047077 0.998848 0.000120763 0.000110331 -0.000375163 1
0.995359 0.0961206 -0.00472053 -0.0957876 0.994255 0.0477578 0.00928392 -0.047084 0.998848 0.000516373 8.27396e-05 -0.000352061 1
0.995386 0.095834 -0.00483025 -0.0954962 0.994283 0.0477589 0.00937956 -0.0470772 0.998847 0.000708864 7.40096e-05 -0.000331832 1
0.995436 0.0953 -0.00498312 -0.0949545 0.99433 0.0478664 0.00951653 -0.0471748 0.998841 0.00108955 4.80986e-05 -0.000235165 1
0.995492 0.0947141 -0.00508914 -0.0943623 0.994377 0.0480649 0.00961295 -0.047368 0.998831 0.00151474 1.04073e-05 -7.92181e-05 1
0.995475 0.0948795 -0.00524231 -0.0945207 0.994364 0.0480262 0.00976947 -0.0473133 0.998832 0.00136006 5.2297e-05 -0.000118282 1
0.995482 0.0947933 -0.00538858 -0.0944275 0.994372 0.0480423 0.00991234 -0.0473164 0.998831 0.00140092 6.38699e-05 -9.03221e-05 1
0.995473 0.0948913 -0.00540535 -0.094525 0.994365 0.0479981 0.00992949 -0.0472699 0.998833 0.00128356 0.000107953 -0.000131478 1
0.995442 0.0952164 -0.00536036 -0.0948525 0.994337 0.0479342 0.00989412 -0.0472072 0.998836 0.000997981 0.000155275 -0.000180867 1
0.995269 0.0970058 -0.00534767 -0.096645 0.994185 0.0474944 0.00992381 -0.0467529 0.998857 -0.000383211 0.000372523 -0.000540405 1
0.995182 0.0979105 -0.00522135 -0.0975573 0.994109 0.0472117 0.00981312 -0.0464749 0.998871 -0.00109903 0.000502714 -0.00075732 1
0.995021 0.0995309 -0.00516003 -0.099182 0.993964 0.0468828 0.00979518 -0.0461376 0.998887 -0.00234696 0.000697725 -0.00104226 1
0.994902 0.100714 -0.00509266 -0.10037 0.993858 0.0466051 0.00975516 -0.0458563 0.9989 -0.00325887 0.000842137 -0.00126423 1
0.994836 0.101361 -0.00524234 -0.10101 0.993801 0.0464396 0.00991699 -0.0456703 0.998907 -0.00372636 0.000944613 -0.00142157 1
0.994931 0.100436 -0.00504027 -0.100096 0.993891 0.046496 0.00967937 -0.0457558 0.998906 -0.00306616 0.000880994 -0.00135762 1
0.994941 0.100331 -0.00504674 -0.0999896 0.993896 0.0466225 0.00969364 -0.0458821 0.9989 -0.00299824 0.000873225 -0.00126939 1
0.994978 0.099973 -0.00499457 -0.0996328 0.993926 0.0467274 0.00963571 -0.0459951 0.998895 -0.00274979 0.000845347 -0.00118305 1
0.994988 0.0998662 -0.00501153 -0.0995248 0.993935 0.0467806 0.00965294 -0.0460474 0.998893 -0.00268446 0.00084147 -0.00114631 1
0.994985 0.099913 -0.00477291 -0.0995821 0.993926 0.0468351 0.00942336 -0.0461249 0.998891 -0.00277462 0.000845488 -0.00108969 1
0.994923 0.100518 -0.00491221 -0.100179 0.993863 0.0469137 0.00959771 -0.0461835 0.998887 -0.00323687 0.000892283 -0.00104547 1
0.994922 0.100526 -0.00494288 -0.100186 0.99386 0.0469684 0.00963409 -0.0462347 0.998884 -0.00325922 0.000902259 -0.00101043 1
0.994941 0.100337 -0.00499715 -0.0999928 0.993872 0.0471117 0.00969359 -0.0463737 0.998877 -0.00312399 0.000882656 -0.000906209 1
0.994974 0.100001 -0.00506296 -0.0996525 0.993901 0.0472214 0.00975425 -0.0464796 0.998872 -0.00287793 0.000863104 -0.000827338 1
0.994962 0.100124 -0.00517788 -0.0997702 0.99389 0.0472095 0.00987303 -0.0464551 0.998872 -0.00298063 0.000893224 -0.000846028 1
0.994996 0.0997792 -0.00525342 -0.0994216 0.99392 0.0473128 0.00994232 -0.0465538 0.998866 -0.00272381 0.000872646 -0.00077108 1
0.995011 0.0996176 -0.00536939 -0.0992541 0.993934 0.047371 0.0100558 -0.0466017 0.998863 -0.00260591 0.000873781 -0.000731373 1
0.995014 0.09959 -0.00545981 -0.0992231 0.993941 0.0472956 0.0101369 -0.046518 0.998866 -0.00259044 0.000897814 -0.000792466 1
0.995006 0.099666 -0.0054991 -0.0992975 0.993935 0.0472635 0.0101763 -0.0464814 0.998867 -0.0026554 0.000926201 -0.000817293 1
0.994997 0.09975 -0.00551713 -0.0993819 0.993933 0.047132 0.0101851 -0.0463479 0.998873 -0.00272747 0.000962232 -0.00091547 1
0.99499 0.0998209 -0.00558311 -0.0994513 0.993933 0.0469724 0.0102381 -0.0461818 0.998881 -0.00278955 0.0010031 -0.00103826 1
0.994962 0.100091 -0.00569404 -0.0997171 0.993911 0.0468788 0.0103515 -0.0460748 0.998884 -0.00299972 0.00105112 -0.00111692 1
0.994971 0.0999998 -0.00569216 -0.099627 0.993925 0.0467804 0.0103356 -0.0459781 0.998889 -0.00294075 0.00107469 -0.00119334 1
0.994999 0.0997264 -0.00567502 -0.0993548 0.993952 0.0467676 0.0103047 -0.0459699 0.99889 -0.00273869 0.001077 -0.00120075 1
0.995029 0.0994269 -0.00568224 -0.0990553 0.993982 0.0467701 0.0102983 -0.0459748 0.99889 -0.00251503 0.00107991 -0.00120133 1
0.995037 0.0993467 -0.00569816 -0.0989745 0.993991 0.0467595 0.0103093 -0.0459634 0.99889 -0.00245499 0.00110418 -0.00121691 1
0.995092 0.0987958 -0.00551881 -0.0984324 0.994044 0.0467678 0.0101064 -0.045995 0.998891 -0.0020442 0.00109556 -0.00120235 1
0.995109 0.0986335 -0.00546474 -0.0982718 0.994056 0.0468505 0.0100533 -0.0460843 0.998887 -0.00192115 0.00111698 -0.00114155 1
0.995095 0.0987726 -0.00541544 -0.0984139 0.994046 0.0467705 0.0100028 -0.0460081 0.998891 -0.00203015 0.0011858 -0.0012137 1
0.995092 0.0988058 -0.00537407 -0.0984496 0.994045 0.0467127 0.00995756 -0.0459544 0.998894 -0.00205579 0.00125236 -0.00126676 1
0.995124 0.0984888 -0.00536283 -0.0981332 0.994075 0.0467339 0.00993382 -0.0459797 0.998893 -0.00181676 0.00129484 -0.00125469 1
0.995136 0.0983654 -0.00542108 -0.0980082 0.994092 0.0466351 0.00997633 -0.0458769 0.998897 -0.00172643 0.00137109 -0.00134056 1
0.995177 0.097943 -0.00547302 -0.0975838 0.994134 0.0466464 0.0100096 -0.0458873 0.998896 -0.00141363 0.00141541 -0.00133565 1
0.995233 0.0973655 -0.00557715 -0.0970014 0.994187 0.0467164 0.0100933 -0.0459527 0.998893 -0.000987135 0.00144382 -0.00128684 1
0.995306 0.0966157 -0.00562168 -0.096249 0.994254 0.046852 0.010116 -0.046091 0.998886 -0.000440549 0.00144703 -0.00118206 1
0.99535 0.0961614 -0.00562147 -0.0957948 0.994296 0.0468902 0.0100984 -0.0461337 0.998884 -0.000128353 0.00147168 -0.00115345 1
0.995392 0.0957217 -0.00560888 -0.0953555 0.994335 0.0469538 0.0100716 -0.0462026 0.998881 0.000169702 0.00148677 -0.0011054 1
0.995424 0.0953972 -0.00559373 -0.0950324 0.994368 0.0469134 0.0100376 -0.0461671 0.998883 0.000369875 0.00151943 -0.00114274 1
0.995437 0.095256 -0.00553398 -0.0948955 0.994388 0.0467753 0.00995855 -0.0460367 0.99889 0.000423926 0.00156788 -0.00125983 1
0.99542 0.0954415 -0.00551894 -0.0950843 0.994383 0.0464938 0.00992538 -0.0457561 0.998903 0.000227976 0.00165565 -0.00149913 1
0.995418 0.0954649 -0.00548121 -0.0951121 0.994393 0.0462212 0.00986298 -0.0454881 0.998916 0.000152338 0.001737 -0.00173093 1
0.995418 0.0954681 -0.00544202 -0.0951201 0.994406 0.0459147 0.00979497 -0.0451867 0.998931 8.89228e-05 0.00182238 -0.00199012 1
0.995421 0.0954296 -0.00540845 -0.0950859 0.994423 0.0456341 0.00973313 -0.0449109 0.998944 6.00035e-05 0.00190445 -0.00222331 1
0.995532 0.094261 -0.00554588 -0.0939141 0.994543 0.0454452 0.00979932 -0.0447213 0.998951 0.000891315 0.00189294 -0.00236991 1
0.995592 0.0936203 -0.00555924 -0.093274 0.994605 0.0453921 0.00977887 -0.0446735 0.998954 0.00133073 0.00192202 -0.00240581 1
0.99566 0.0928951 -0.00562095 -0.0925474 0.994676 0.0453337 0.00980231 -0.0446168 0.998956 0.00183853 0.00194355 -0.00243954 1
0.995727 0.0921716 -0.00572959 -0.0918205 0.994747 0.045258 0.00987099 -0.0445385 0.998959 0.00234678 0.00197097 -0.00247756 1
0.995789 0.091493 -0.00585148 -0.0911382 0.994814 0.0451469 0.00995176 -0.0444234 0.998963 0.00282149 0.00200233 -0.00253862 1
0.995777 0.0916191 -0.00580954 -0.091267 0.994807 0.0450538 0.00990716 -0.0443333 0.998968 0.00268363 0.00208909 -0.00258492 1
0.995828 0.0910587 -0.00588025 -0.0907058 0.994866 0.0448763 0.00993645 -0.0441557 0.998975 0.00305783 0.00211616 -0.0026865 1
0.99587 0.0905984 -0.00588904 -0.0902473 0.994916 0.0446946 0.00990836 -0.0439785 0.998983 0.00334969 0.00214324 -0.00278721 1
0.995913 0.0901261 -0.00584679 -0.0897792 0.994967 0.0445052 0.00982845 -0.0437984 0.998992 0.00364536 0.00216184 -0.00289518 1
0.995951 0.0897122 -0.00574313 -0.0893721 0.995012 0.0443061 0.00968928 -0.0436134 0.999001 0.00389278 0.0021787 -0.00300972 1
0.995985 0.0893402 -0.0055922 -0.0890089 0.995054 0.0441121 0.00950552 -0.0434373 0.999011 0.00410414 0.00219512 -0.00312089 1
0.99602 0.0889623 -0.00539605 -0.0886416 0.995094 0.0439302 0.00927772 -0.0432771 0.99902 0.00431545 0.00220756 -0.00322174 1
0.996052 0.0886176 -0.00517727 -0.0883084 0.995132 0.0437409 0.00902828 -0.0431111 0.999029 0.00449972 0.00222143 -0.00332789 1
0.99608 0.088324 -0.00494639 -0.0880265 0.995165 0.0435686 0.00877063 -0.0429624 0.999038 0.00464516 0.00223495 -0.0034202 1
0.996102 0.0880819 -0.00473015 -0.0877954 0.995192 0.0434056 0.00853067 -0.0428212 0.999046 0.00475382 0.00224778 -0.0035064 1
0.996119 0.0878943 -0.00454058 -0.0876174 0.995215 0.0432475 0.00832006 -0.0426818 0.999054 0.00482575 0.00226094 -0.0035882 1
0.996133 0.0877494 -0.00441177 -0.0874793 0.995234 0.0430918 0.00817203 -0.0425392 0.999061 0.00487275 0.00227522 -0.00367015 1
0.996142 0.0876442 -0.00434248 -0.0873784 0.995249 0.0429393 0.00808523 -0.0423942 0.999068 0.00489682 0.00228835 -0.0037506 1
0.996148 0.0875834 -0.00432069 -0.0873198 0.995261 0.0427872 0.00804766 -0.042245 0.999075 0.0048922 0.00230122 -0.00383147 1
0.996152 0.0875358 -0.00435004 -0.0872722 0.995271 0.0426477 0.00806267 -0.042104 0.999081 0.00488194 0.00231231 -0.00390339 1
0.996156 0.0874832 -0.00443069 -0.0872172 0.995281 0.0425245 0.00812996 -0.0419746 0.999086 0.00488017 0.00231898 -0.00396536 1
0.996158 0.08746 -0.00453556 -0.0871906 0.995288 0.0424194 0.00822419 -0.0418609 0.99909 0.00485802 0.0023233 -0.00401546 1
0.996159 0.0874415 -0.00466566 -0.0871672 0.995293 0.0423417 0.00834611 -0.0417723 0.999092 0.00483365 0.00232503 -0.00404757 1
0.996163 0.0873824 -0.00482453 -0.0871019 0.995301 0.0422938 0.00849759 -0.0417113 0.999094 0.00484171 0.0023215 -0.00406081 1
0.996168 0.0873151 -0.00499571 -0.0870278 0.995309 0.0422674 0.00866285 -0.0416707 0.999094 0.00485536 0.0023153 -0.00406106 1
0.996174 0.0872347 -0.00517718 -0.0869399 0.995317 0.0422666 0.00884005 -0.0416548 0.999093 0.00487933 0.00230742 -0.0040448 1
0.996178 0.0871762 -0.00535762 -0.086874 0.995322 0.0422678 0.00901731 -0.0416409 0.999092 0.00488619 0.00230079 -0.00402787 1
0.996189 0.087046 -0.00553233 -0.0867365 0.995334 0.0422824 0.00918703 -0.0416414 0.99909 0.00494752 0.00228837 -0.00400164 1
0.996192 0.0870003 -0.00568025 -0.0866844 0.995337 0.0422997 0.00933385 -0.0416462 0.999089 0.00494351 0.00227911 -0.00397305 1
0.996196 0.0869518 -0.00582163 -0.0866304 0.995343 0.0422688 0.00946986 -0.0416037 0.999089 0.00494329 0.00227528 -0.00398248 1
0.996242 0.0864193 -0.00585376 -0.0860945 0.995379 0.0425333 0.00950241 -0.0418695 0.999078 0.00530392 0.00219861 -0.00374719 1
0.996299 0.0857564 -0.00582121 -0.0854317 0.995427 0.0427286 0.00945884 -0.0420732 0.99907 0.00575698 0.0021195 -0.00356141 1
0.996345 0.085232 -0.00573637 -0.08491 0.995466 0.0428765 0.00936481 -0.0422327 0.999064 0.00610917 0.00205054 -0.0034161 1
0.996379 0.0848431 -0.00559837 -0.0845262 0.995493 0.0429971 0.00922115 -0.0423682 0.99906 0.00634884 0.00199527 -0.00328867 1
0.996407 0.0845286 -0.0053807 -0.0842198 0.995513 0.0431402 0.00900314 -0.042532 0.999055 0.0065263 0.00193854 -0.00314189 1
0.996375 0.0849096 -0.00522717 -0.0846093 0.995491 0.0428722 0.00884386 -0.0422745 0.999067 0.00618261 0.00197383 -0.00333555 1
0.996323 0.08552 -0.00510989 -0.0852268 0.995451 0.0425849 0.0087285 -0.0419928 0.99908 0.00567323 0.00202297 -0.00355466 1
0.996282 0.0860126 -0.00490088 -0.085728 0.99541 0.0425415 0.0085375 -0.0419632 0.999083 0.00523926 0.0020404 -0.00357384 1
0.996242 0.0864816 -0.00480129 -0.0862028 0.995379 0.0423067 0.00843786 -0.0417338 0.999093 0.00483731 0.00206743 -0.00375419 1
0.996221 0.0867349 -0.00466536 -0.0864615 0.995356 0.0423115 0.00831358 -0.0417482 0.999094 0.00459338 0.00205044 -0.00373802 1
0.996217 0.0867815 -0.00455337 -0.0865121 0.995349 0.0423848 0.0082104 -0.0418305 0.999091 0.00450692 0.00201236 -0.00366259 1
0.996216 0.0867984 -0.00447741 -0.0865311 0.995342 0.0425132 0.00814663 -0.0419649 0.999086 0.00444055 0.00196746 -0.00354417 1
0.996243 0.0864858 -0.00451486 -0.0862166 0.995366 0.0425922 0.00817755 -0.0420429 0.999082 0.00463391 0.00189622 -0.00346286 1
0.996266 0.0862264 -0.00447745 -0.0859569 0.995377 0.0428532 0.00815182 -0.0423082 0.999071 0.00477463 0.00183103 -0.00324504 1
0.996262 0.0862646 -0.00457656 -0.0859912 0.995375 0.0428232 0.00824953 -0.0422696 0.999072 0.00469162 0.00181142 -0.00325902 1
0.996304 0.0857739 -0.00462726 -0.0854968 0.995408 0.0430558 0.00829908 -0.0425011 0.999062 0.00499487 0.00173793 -0.00306702 1
0.996307 0.0857415 -0.00462388 -0.0854639 0.995407 0.0431286 0.00830056 -0.0425742 0.999059 0.00493349 0.00171716 -0.00299827 1
0.996291 0.085919 -0.00466114 -0.0856399 0.995393 0.0431144 0.00834402 -0.0425554 0.999059 0.00470335 0.00172784 -0.00300335 1
0.996322 0.0855518 -0.00477156 -0.0852672 0.995419 0.0432407 0.00844902 -0.0426748 0.999053 0.00488814 0.00168778 -0.0028825 1
0.996322 0.0855577 -0.00475568 -0.0852749 0.995425 0.0431008 0.00842153 -0.0425367 0.999059 0.00476086 0.0017215 -0.00298818 1
0.996271 0.0861483 -0.00473962 -0.0858684 0.995388 0.042772 0.0084025 -0.0422055 0.999074 0.00417813 0.00181913 -0.00324392 1
0.996309 0.0857081 -0.00469111 -0.0854309 0.995427 0.0427415 0.00833295 -0.042183 0.999075 0.00436625 0.0018286 -0.00325175 1
0.996326 0.0855169 -0.00460368 -0.085245 0.99545 0.0425736 0.0082235 -0.0420247 0.999083 0.00434696 0.00187878 -0.00337009 1
0.996356 0.0851789 -0.0043782 -0.0849183 0.995486 0.0423845 0.0079687 -0.0418583 0.999092 0.00440887 0.0019236 -0.00350608 1
0.996398 0.0846902 -0.00426389 -0.0844345 0.995526 0.0424127 0.00783676 -0.0418999 0.999091 0.00459636 0.00193382 -0.00346921 1
0.996482 0.0837059 -0.00411081 -0.0834564 0.995602 0.0425542 0.00765477 -0.0420614 0.999086 0.00515593 0.00190492 -0.00332905 1
0.996514 0.0833268 -0.00416941 -0.0830741 0.995628 0.0426959 0.0077089 -0.0422007 0.999079 0.00527075 0.00190376 -0.00322773 1
0.996564 0.0827289 -0.0039831 -0.082484 0.995674 0.0427796 0.00750498 -0.0423041 0.999077 0.00551445 0.00190451 -0.00315144 1
0.996572 0.0826422 -0.00386232 -0.0824021 0.995679 0.042822 0.00738453 -0.0423569 0.999075 0.00537962 0.0019367 -0.00311224 1
0.996609 0.0822014 -0.0037093 -0.0819671 0.995708 0.0429758 0.00722604 -0.042526 0.999069 0.00550915 0.00193638 -0.00297784 1
0.996577 0.082593 -0.00363244 -0.0823631 0.995684 0.0427688 0.00714916 -0.0423232 0.999078 0.00500199 0.00202729 -0.00314596 1
0.99656 0.082803 -0.00340027 -0.0825849 0.995679 0.0424627 0.00690162 -0.0420358 0.999092 0.00461812 0.00212392 -0.00336184 1
0.996534 0.0831184 -0.00339877 -0.0829013 0.99566 0.0422819 0.00689843 -0.0418536 0.9991 0.00418944 0.00220665 -0.00349231 1
0.99652 0.08329 -0.00339072 -0.0830748 0.995656 0.0420469 0.00687808 -0.0416189 0.99911 0.00386768 0.00228658 -0.00365406 1
0.996513 0.0833707 -0.00336026 -0.0831583 0.995659 0.0418078 0.00683122 -0.0413826 0.99912 0.00361211 0.0023634 -0.00381117 1
0.996542 0.0830239 -0.00331915 -0.082814 0.995691 0.0417255 0.00676906 -0.0413064 0.999124 0.00368194 0.00239221 -0.00383472 1
0.996553 0.0828824 -0.00350929 -0.0826671 0.995717 0.0413929 0.006925 -0.0409601 0.999137 0.00361962 0.00246585 -0.00407663 1
0.996571 0.082661 -0.00371053 -0.0824401 0.99575 0.041045 0.00708759 -0.0405984 0.99915 0.00360848 0.00253948 -0.00433708 1
0.996617 0.0821074 -0.00362431 -0.0818911 0.995799 0.0409573 0.00697199 -0.040522 0.999154 0.00379774 0.00256728 -0.00437334 1
0.996672 0.081437 -0.00349441 -0.081227 0.995857 0.0408843 0.00680943 -0.0404644 0.999158 0.00405479 0.00259361 -0.00440141 1
0.99674 0.080616 -0.00327183 -0.0804157 0.995922 0.04089 0.00655488 -0.0404936 0.999158 0.0043993 0.00261101 -0.00436724 1
0.996839 0.0794029 -0.0027276 -0.0792239 0.996006 0.0411695 0.00598568 -0.0408233 0.999148 0.00498306 0.00258307 -0.00409818 1
0.996943 0.0781107 -0.00209063 -0.0779571 0.996093 0.0414963 0.00532377 -0.0412065 0.999136 0.00559357 0.00255635 -0.00379133 1
0.997033 0.0769634 -0.00164717 -0.0768286 0.996177 0.0415751 0.00484063 -0.0413251 0.999134 0.00610012 0.00257752 -0.00370071 1
0.997127 0.0757465 -0.00109291 -0.0756354 0.996265 0.0416676 0.00424501 -0.0414652 0.999131 0.00663038 0.00260021 -0.00359359 1
0.997221 0.0745038 -0.000516611 -0.0744175 0.996354 0.0417146 0.00362262 -0.0415602 0.999129 0.00715932 0.00263538 -0.00351944 1
0.997316 0.0732181 8.64585e-05 -0.073158 0.996448 0.0417084 0.00296766 -0.0416027 0.99913 0.00769931 0.00268453 -0.00347869 1
0.997425 0.0717118 0.000706819 -0.071679 0.996559 0.0416284 0.00228086 -0.0415719 0.999133 0.00838893 0.00274155 -0.00348379 1
0.997546 0.069998 0.00138062 -0.069995 0.996685 0.0414634 0.00152631 -0.0414582 0.999139 0.00920663 0.00281199 -0.00353841 1
0.997683 0.0680011 0.00194817 -0.0680236 0.996835 0.0411433 0.000855787 -0.0411805 0.999151 0.0102221 0.00290255 -0.0037007 1
0.997825 0.0658767 0.00214539 -0.0659095 0.997006 0.040441 0.000525155 -0.0404945 0.99918 0.0113516 0.00304652 -0.00416922 1
0.997987 0.0633636 0.00268915 -0.0634205 0.997192 0.0398242 -0.000158187 -0.0399146 0.999203 0.0126857 0.00318179 -0.00451742 1
0.998146 0.0607868 0.00320593 -0.0608657 0.997382 0.0390539 -0.000823573 -0.0391766 0.999232 0.0140354 0.00335157 -0.00496828 1
0.998298 0.0581959 0.00369864 -0.0582948 0.997569 0.0381886 -0.00146723 -0.0383392 0.999264 0.0153694 0.00355032 -0.00547655 1
0.998444 0.0555981 0.00424131 -0.0557177 0.997752 0.0372225 -0.00216228 -0.0374009 0.999298 0.0166698 0.00378028 -0.00604929 1
0.998599 0.0526598 0.00518223 -0.052814 0.99794 0.0364082 -0.00325431 -0.0366309 0.999324 0.0181444 0.00400207 -0.00646727 1
0.998747 0.0496962 0.0058623 -0.0498727 0.998132 0.0352791 -0.00409811 -0.0355273 0.99936 0.0196507 0.00428127 -0.00715054 1
0.998898 0.0464598 0.00662009 -0.0466591 0.99833 0.0340698 -0.00502616 -0.0343411 0.999398 0.0213158 0.00458519 -0.00788222 1
0.999049 0.0430064 0.00711969 -0.0432159 0.998537 0.0324931 -0.00571187 -0.0327699 0.999447 0.0231454 0.00494682 -0.0089137 1
0.999198 0.0392092 0.00809415 -0.0394428 0.998739 0.0310565 -0.00686625 -0.0313508 0.999485 0.0251283 0.00530406 -0.00979661 1
0.999334 0.0353145 0.0091545 -0.0355705 0.998932 0.0294991 -0.00810298 -0.0298051 0.999523 0.0271353 0.00569504 -0.0107598 1
0.999454 0.0315037 0.00993809 -0.0317671 0.999115 0.0275663 -0.00906085 -0.027867 0.999571 0.0290815 0.0061547 -0.0120199 1
0.999558 0.027669 0.0108854 -0.027939 0.999285 0.0254916 -0.0101723 -0.0257844 0.999616 0.0309966 0.00664637 -0.0133765 1
0.999642 0.0237181 0.0123467 -0.0240036 0.999435 0.0235156 -0.011782 -0.0238036 0.999647 0.0328939 0.00714401 -0.0146187 1
0.999709 0.0198973 0.0136488 -0.0201837 0.999572 0.021183 -0.0132215 -0.0214523 0.999682 0.0346988 0.00770171 -0.0161413 1
0.999752 0.0162969 0.0151974 -0.0165795 0.999688 0.0186602 -0.0148886 -0.0189076 0.99971 0.0362889 0.00829293 -0.017798 1
0.999768 0.0128663 0.0172951 -0.0131464 0.999783 0.0161799 -0.0170832 -0.0164035 0.99972 0.037662 0.00887838 -0.0193898 1
0.999759 0.00983176 0.0196449 -0.0100981 0.999858 0.0135032 -0.0195093 -0.0136983 0.999716 0.0386973 0.00948647 -0.0211167 1
0.999727 0.00743131 0.0221538 -0.00766905 0.999914 0.0106658 -0.0220726 -0.0108328 0.999698 0.0392323 0.0101029 -0.0229567 1
0.999676 0.00561414 0.0248453 -0.00580719 0.999953 0.0077051 -0.0248009 -0.00784688 0.999662 0.0392998 0.0107225 -0.0248821 1
0.999609 0.00423707 0.0276299 -0.00436927 0.999979 0.00472607 -0.0276093 -0.00484494 0.999607 0.0390163 0.0113309 -0.0268099 1
0.999528 0.00341775 0.0305232 -0.00347582 0.999992 0.00184973 -0.0305166 -0.00195495 0.999532 0.0382873 0.0119131 -0.028646 1
0.999438 0.00272619 0.0334082 -0.00270143 0.999996 -0.000786377 -0.0334102 0.000695686 0.999441 0.0374525 0.0124538 -0.0303019 1
0.999341 0.00265298 0.0362019 -0.00253881 0.999992 -0.0031995 -0.0362101 0.00310548 0.999339 0.0361427 0.0129565 -0.0317779 1
0.999243 0.0026045 0.0388134 -0.00240094 0.999983 -0.00529022 -0.0388265 0.00519302 0.999232 0.034813 0.0134134 -0.0330062 1
0.999145 0.00278726 0.0412415 -0.00250797 0.999974 -0.00682246 -0.0412594 0.00671319 0.999126 0.0333005 0.0137896 -0.033805 1
0.999055 0.00392561 0.0432966 -0.0035823 0.999962 -0.00800403 -0.0433264 0.00784136 0.99903 0.0310712 0.0141207 -0.0343103 1
0.998973 0.00648308 0.0448501 -0.00609326 0.999943 -0.00882303 -0.0449047 0.00854068 0.998955 0.027791 0.0144012 -0.0344905 1
0.998908 0.00815095 0.0460062 -0.00772475 0.999926 -0.00943405 -0.0460797 0.00906836 0.998897 0.0251836 0.0146691 -0.0345279 1
0.998857 0.0094254 0.0468666 -0.00898818 0.999914 -0.00953101 -0.0469524 0.00909886 0.998856 0.0228598 0.0148692 -0.0341769 1
0.998821 0.0109478 0.0472919 -0.0105053 0.999899 -0.00959569 -0.0473921 0.00908756 0.998835 0.0203321 0.0150877 -0.0337813 1
0.998818 0.0113708 0.0472647 -0.0109355 0.999895 -0.0094577 -0.0473673 0.00892965 0.998838 0.0186635 0.0153001 -0.0332797 1
0.998834 0.0106224 0.0470968 -0.0101934 0.999904 -0.0093407 -0.0471915 0.00884973 0.998847 0.0178387 0.0155427 -0.0328316 1
0.998855 0.0103216 0.0467225 -0.00992977 0.999914 -0.00861077 -0.0468074 0.00813697 0.998871 0.0166623 0.0157062 -0.0319076 1
0.998883 0.0106213 0.0460503 -0.0102589 0.999915 -0.00809934 -0.0461324 0.00761786 0.998906 0.0150271 0.0159246 -0.0311283 1
0.998923 0.0105356 0.0451827 -0.0102146 0.999921 -0.00733021 -0.0452564 0.0068608 0.998952 0.0136841 0.016097 -0.0301616 1
0.99896 0.00992036 0.0444937 -0.0096459 0.999933 -0.00637885 -0.044554 0.00594303 0.998989 0.0126818 0.0162324 -0.0290583 1
0.999 0.00960434 0.0436616 -0.00936578 0.99994 -0.00566519 -0.0437134 0.0052506 0.99903 0.0114568 0.0163881 -0.0280996 1
0.999043 0.00891233 0.0428301 -0.0086892 0.999948 -0.0053929 -0.0428759 0.00501558 0.999068 0.0104819 0.0165913 -0.0274458 1
0.999083 0.00866651 0.041932 -0.00846135 0.999951 -0.00506765 -0.0419739 0.0047082 0.999108 0.00916389 0.0167756 -0.0267427 1
0.999117 0.00821737 0.0412114 -0.00801061 0.999954 -0.00517964 -0.0412521 0.00484494 0.999137 0.00798747 0.0170207 -0.0263638 1
0.999151 0.00887503 0.0402312 -0.00866097 0.999947 -0.00549196 -0.0402778 0.00513886 0.999175 0.00597921 0.0172686 -0.0260799 1
0.999181 0.00837383 0.0395891 -0.00814693 0.999949 -0.00588928 -0.0396364 0.00556193 0.999199 0.00481355 0.0175365 -0.0258999 1
0.999203 0.00830181 0.0390527 -0.00805409 0.999946 -0.0064962 -0.0391046 0.00617649 0.999216 0.00329576 0.0178499 -0.0258658 1
0.999216 0.00761274 0.0388507 -0.00734255 0.999948 -0.00709244 -0.0389026 0.00680162 0.99922 0.00219768 0.0181647 -0.0258264 1
0.999221 0.00736892 0.0387571 -0.00706796 0.999944 -0.00789672 -0.0388131 0.00761664 0.999217 0.00072792 0.0185188 -0.0259329 1
0.999212 0.00652379 0.0391406 -0.00617973 0.999941 -0.00890506 -0.0391964 0.00865617 0.999194 -0.000347266 0.0189313 -0.0262123 1
0.9992 0.00673229 0.0394099 -0.00636256 0.999935 -0.0094995 -0.0394713 0.00924116 0.999178 -0.00224535 0.0192796 -0.0261433 1
0.999177 0.00650686 0.0400415 -0.00609982 0.999929 -0.0102793 -0.0401055 0.0100266 0.999145 -0.00383508 0.0196618 -0.0262427 1
0.999151 0.00623564 0.0407256 -0.00578226 0.99992 -0.0112407 -0.0407924 0.0109957 0.999107 -0.00541116 0.0200724 -0.0264672 1
0.999114 0.00571595 0.0416995 -0.00521459 0.999913 -0.0121219 -0.0417652 0.0118937 0.999057 -0.00684206 0.0204789 -0.0266435 1
0.99908 0.00504401 0.0425805 -0.00448179 0.999902 -0.0132888 -0.0426434 0.0130857 0.999005 -0.00815116 0.0209274 -0.0270297 1
0.999041 0.00407523 0.0435973 -0.00343018 0.999884 -0.0148604 -0.0436528 0.0146966 0.998939 -0.00923509 0.0214265 -0.0277223 1
0.999005 0.00314229 0.0444982 -0.00241764 0.999864 -0.0163295 -0.0445435 0.0162056 0.998876 -0.0103316 0.0218922 -0.0283349 1
0.998967 0.00218864 0.0453844 -0.00135964 0.999832 -0.0182891 -0.0454168 0.0182085 0.998802 -0.0113749 0.0224229 -0.0293366 1
0.998942 0.00132336 0.0459708 -0.000390071 0.999794 -0.0203048 -0.0459882 0.0202654 0.998736 -0.0124085 0.0229455 -0.0303822 1
0.998917 0.000816612 0.0465289 0.000196905 0.999763 -0.0217738 -0.0465357 0.0217594 0.99868 -0.0136431 0.0233602 -0.0310456 1
0.998892 0.000212754 0.047059 0.000877391 0.999732 -0.0231436 -0.0470513 0.0231593 0.998624 -0.0147306 0.0237605 -0.0316752 1
0.99887 -0.000152565 0.0475336 0.0013067 0.999705 -0.0242503 -0.0475159 0.024285 0.998575 -0.0159389 0.0241216 -0.0321337 1
0.998866 -0.000263976 0.047615 0.00145053 0.999689 -0.024887 -0.0475937 0.0249278 0.998556 -0.0172333 0.0244268 -0.0322783 1
0.998864 -0.000813348 0.0476455 0.00201388 0.999682 -0.0251545 -0.0476098 0.0252219 0.998548 -0.0181163 0.0246806 -0.0322033 1
0.998868 -0.00172712 0.04753 0.0029397 0.999672 -0.0254539 -0.0474705 0.0255648 0.998545 -0.0186509 0.0249643 -0.0321898 1
0.998885 -0.00260259 0.0471383 0.00381141 0.999666 -0.0255725 -0.047056 0.0257236 0.998561 -0.0191172 0.0252314 -0.03208 1
0.998911 -0.00428331 0.0464506 0.00548592 0.999652 -0.0257935 -0.046324 0.0260203 0.998588 -0.0188492 0.0255332 -0.0321136 1
0.998934 -0.00591047 0.0457715 0.00710118 0.999639 -0.0258953 -0.045602 0.0261927 0.998616 -0.0185377 0.0258146 -0.0320823 1
0.998956 -0.00827598 0.0449188 0.00945706 0.999613 -0.026145 -0.0446851 0.0265425 0.998648 -0.0175519 0.0261317 -0.0322173 1
0.998982 -0.0101698 0.0439502 0.0113466 0.999582 -0.0266095 -0.0436612 0.0270811 0.998679 -0.0168196 0.0264741 -0.032528 1
0.998999 -0.0125178 0.0429517 0.01369 0.999539 -0.0271061 -0.0425925 0.027667 0.998709 -0.0156324 0.0268113 -0.0328962 1
0.999025 -0.0142547 0.0417734 0.0154155 0.9995 -0.0275969 -0.0413591 0.028214 0.998746 -0.0147808 0.0271218 -0.0332682 1
0.999032 -0.0167486 0.0406836 0.0179038 0.999442 -0.0281998 -0.0401886 0.0289009 0.998774 -0.013248 0.0274268 -0.0337615 1
0.999056 -0.0181522 0.0394679 0.0192958 0.999399 -0.0287904 -0.0389216 0.0295248 0.998806 -0.0124145 0.0276775 -0.0342545 1
0.999066 -0.0200594 0.0382742 0.0211914 0.999343 -0.0294017 -0.0376593 0.0301853 0.998835 -0.0110823 0.0278911 -0.0347978 1
0.999078 -0.021638 0.0370716 0.0227518 0.999294 -0.0298908 -0.0363987 0.0307067 0.998865 -0.00988301 0.0280393 -0.0352764 1
0.999087 -0.0229661 0.0360309 0.024062 0.999252 -0.0302841 -0.0353084 0.0311234 0.998892 -0.00877004 0.0281237 -0.0357153 1
0.99911 -0.0235776 0.0349844 0.0246507 0.999229 -0.0305653 -0.0342367 0.0314005 0.99892 -0.00808544 0.0281484 -0.0361009 1
0.999122 -0.024358 0.0340813 0.0254078 0.999205 -0.0307182 -0.033306 0.0315572 0.998947 -0.00717884 0.0281304 -0.036422 1
0.999133 -0.0250878 0.033235 0.0261081 0.99919 -0.0306297 -0.0324396 0.0314709 0.998978 -0.00620288 0.0280619 -0.0366064 1
0.999144 -0.0255461 0.0325222 0.0265402 0.999182 -0.0305116 -0.0317161 0.0313486 0.999005 -0.00535425 0.0279781 -0.0368018 1
0.999158 -0.0259342 0.0317989 0.0268984 0.99918 -0.0302779 -0.0309876 0.0311077 0.999036 -0.00445988 0.0278696 -0.0369376 1
0.999173 -0.0262486 0.031048 0.0271788 0.999182 -0.0299294 -0.030237 0.0307485 0.99907 -0.00352664 0.0277362 -0.0370112 1
0.999186 -0.0265445 0.0303666 0.0274416 0.999187 -0.0295179 -0.0295584 0.0303272 0.999103 -0.00253174 0.0275968 -0.0370521 1
0.999207 -0.0265649 0.0296443 0.027428 0.9992 -0.0291007 -0.0288476 0.0298907 0.999137 -0.00164765 0.0274674 -0.0371096 1
0.999229 -0.0266104 0.0288661 0.0274328 0.999218 -0.0284782 -0.0280857 0.0292481 0.999178 -0.000649143 0.0273145 -0.0370165 1
0.999248 -0.0267651 0.0280642 0.0275478 0.999231 -0.0278857 -0.0272962 0.0286378 0.999217 0.000519776 0.0271882 -0.0369503 1
0.999249 -0.0275224 0.0272621 0.0282618 0.999233 -0.0271195 -0.0264948 0.0278696 0.99926 0.00223235 0.0270645 -0.0367631 1
0.999263 -0.0278993 0.026362 0.0285942 0.999243 -0.0263641 -0.0256065 0.0270984 0.999305 0.00376737 0.0269483 -0.0365766 1
0.999263 -0.0286854 0.0255065 0.0293334 0.999247 -0.0254058 -0.0247585 0.0261353 0.999352 0.00569014 0.0268137 -0.0362334 1
0.999264 -0.0295206 0.0244887 0.0301189 0.999248 -0.0244336 -0.023749 0.0251532 0.999401 0.00775713 0.0266783 -0.0358691 1
0.999268 -0.0302679 0.0234125 0.0308115 0.999256 -0.023218 -0.0226924 0.0239223 0.999456 0.00985928 0.0264909 -0.0353169 1
0.99928 -0.030797 0.0221593 0.0312856 0.999267 -0.022049 -0.021464 0.0227264 0.999511 0.0119145 0.0262942 -0.0347809 1
0.99928 -0.0317339 0.0207759 0.0321648 0.999267 -0.0207485 -0.0201023 0.0214018 0.999569 0.0143693 0.0260753 -0.0341387 1
0.999293 -0.0323355 0.0191934 0.0327095 0.999275 -0.0195043 -0.0185488 0.0201183 0.999626 0.0166659 0.0258465 -0.0335213 1
0.999298 -0.0331329 0.0174714 0.0334526 0.999272 -0.018335 -0.0168512 0.0189066 0.999679 0.0192111 0.0256262 -0.0329433 1
0.999302 -0.0339359 0.0156143 0.0342034 0.999267 -0.0171982 -0.0150193 0.0177202 0.99973 0.0218692 0.0254045 -0.0323799 1
0.999308 -0.0345611 0.0137764 0.0347815 0.999265 -0.0160918 -0.0132101 0.0165598 0.999776 0.0244638 0.0251729 -0.0318259 1
0.999317 -0.0349604 0.0120088 0.0351384 0.999271 -0.0149468 -0.0114774 0.0153586 0.999816 0.0269688 0.0249154 -0.0312387 1
0.999323 -0.0353147 0.0103449 0.0354555 0.999277 -0.0137607 -0.00985144 0.0141181 0.999852 0.0295208 0.0246346 -0.0306185 1
0.999337 -0.0352614 0.00901579 0.0353729 0.999296 -0.0125197 -0.00856798 0.0128303 0.999881 0.0317964 0.0243195 -0.0299755 1
0.999356 -0.034992 0.00796491 0.0350805 0.999321 -0.0112537 -0.00756571 0.0115258 0.999905 0.033944 0.0239793 -0.0293103 1
0.999381 -0.0344209 0.00720318 0.0344918 0.999355 -0.00996811 -0.00685543 0.0102104 0.999924 0.0358944 0.0236129 -0.0286331 1
0.999407 -0.0337795 0.00662985 0.0338363 0.99939 -0.00865322 -0.00633351 0.00887242 0.999941 0.0378342 0.023232 -0.0279196 1
0.999434 -0.033035 0.00629012 0.0330814 0.999425 -0.00743064 -0.00604103 0.00763452 0.999953 0.0397125 0.022854 -0.0272533 1
0.999455 -0.0324711 0.0060162 0.0325086 0.999452 -0.00624282 -0.00581019 0.00643499 0.999962 0.0417692 0.022484 -0.0265651 1
0.999466 -0.0321632 0.0058264 0.0321931 0.999469 -0.00510508 -0.00565911 0.00528992 0.99997 0.0440429 0.0221396 -0.0258708 1
0.999466 -0.0321839 0.00564788 0.0322073 0.999473 -0.00409344 -0.00551316 0.00427316 0.999976 0.0465815 0.0218302 -0.0252115 1
0.999451 -0.0326533 0.00556938 0.0326707 0.999461 -0.00306714 -0.00546623 0.00324741 0.99998 0.0494637 0.0215412 -0.024487 1
0.999428 -0.0333577 0.00554445 0.0333692 0.999441 -0.00199377 -0.00547484 0.00217764 0.999983 0.0525541 0.02126 -0.0236597 1
0.999398 -0.0342584 0.00552297 0.0342641 0.999412 -0.000941018 -0.00548749 0.00112969 0.999984 0.0558117 0.0209955 -0.0227846 1
0.999364 -0.0352207 0.00558907 0.0352209 0.99938 6.97968e-05 -0.00558806 0.000127099 0.999984 0.0591669 0.0207322 -0.0218653 1
0.999323 -0.0363441 0.00573786 0.0363386 0.999339 0.00106229 -0.00577267 -0.000853062 0.999983 0.0626946 0.0204664 -0.0208919 1
0.999294 -0.0370972 0.0058971 0.0370868 0.99931 0.00185996 -0.00596203 -0.00163994 0.999981 0.0660122 0.0201903 -0.0199806 1
0.999268 -0.037757 0.00608169 0.037743 0.999285 0.0023936 -0.00616772 -0.00216231 0.999979 0.0693323 0.0199111 -0.0191981 1
0.999261 -0.0379196 0.00634686 0.0379036 0.999278 0.00261723 -0.00644152 -0.00237472 0.999976 0.0723402 0.0196072 -0.0185808 1
0.999273 -0.03754 0.00661323 0.0375246 0.999293 0.0024393 -0.00670012 -0.00218937 0.999975 0.074999 0.0192784 -0.0181954 1
0.999316 -0.0363269 0.00695688 0.0363137 0.999338 0.00201566 -0.0070255 -0.00176165 0.999974 0.0770774 0.0189037 -0.0179328 1
0.99938 -0.0344337 0.00735541 0.0344256 0.999407 0.00122099 -0.00739308 -0.000967017 0.999972 0.0787005 0.0185053 -0.0178942 1
0.999464 -0.0317862 0.00786166 0.0317857 0.999495 0.000180498 -0.00786342 6.94871e-05 0.999969 0.0797712 0.0180805 -0.0179955 1
0.999555 -0.0286233 0.00844421 0.0286326 0.99959 -0.000987127 -0.00841249 0.00122847 0.999964 0.0804619 0.0176421 -0.0181533 1
0.999639 -0.0252707 0.00914752 0.025292 0.999678 -0.00222425 -0.00908836 0.00245481 0.999956 0.0809945 0.0172074 -0.0183353 1
0.999715 -0.0217523 0.00985142 0.0217888 0.999756 -0.00361125 -0.00977046 0.00382487 0.999945 0.0813783 0.0167996 -0.0186097 1
0.999778 -0.0182567 0.01054 0.0183095 0.99982 -0.00493739 -0.010448 0.00512927 0.999932 0.081706 0.0164088 -0.0188326 1
0.999827 -0.0148805 0.0111593 0.0149502 0.999869 -0.00618726 -0.0110657 0.00635302 0.999919 0.0820711 0.0160402 -0.0189942 1
0.999864 -0.0116991 0.0116196 0.0117858 0.999903 -0.00741828 -0.0115317 0.00755422 0.999905 0.0825289 0.015701 -0.0191476 1
0.999892 -0.00846847 0.0119867 0.00857139 0.999927 -0.00856069 -0.0119133 0.00866251 0.999892 0.0828752 0.0153843 -0.0192432 1
0.999911 -0.00538576 0.0122337 0.00550366 0.999939 -0.00962489 -0.0121811 0.00969136 0.999879 0.0832623 0.0150872 -0.019301 1
0.999919 -0.00249746 0.0124694 0.00263011 0.99994 -0.0106326 -0.0124421 0.0106646 0.999866 0.0837083 0.014821 -0.0193458 1
0.999921 0.000258297 0.0125742 -0.00011259 0.999933 -0.0115872 -0.0125763 0.0115848 0.999854 0.084162 0.0145835 -0.0193854 1
0.999915 0.00299502 0.012652 -0.00283758 0.999919 -0.0124438 -0.0126882 0.0124068 0.999843 0.0845375 0.0143636 -0.019387 1
0.999906 0.00555669 0.012529 -0.00539045 0.999898 -0.013263 -0.0126014 0.0131942 0.999834 0.084957 0.0141697 -0.0194067 1
0.999895 0.00778395 0.012247 -0.00761151 0.999872 -0.0140644 -0.0123549 0.0139697 0.999826 0.0855478 0.0139953 -0.0194568 1
0.999887 0.0095963 0.0115889 -0.0094226 0.999844 -0.0149509 -0.0117306 0.01484 0.999821 0.0863803 0.0138387 -0.0196257 1
0.999878 0.0112912 0.0107794 -0.0111191 0.999812 -0.0158999 -0.0109569 0.0157781 0.999815 0.0872153 0.0137034 -0.0198824 1
0.999872 0.0127247 0.00973224 -0.0125583 0.999777 -0.0169695 -0.009946 0.0168451 0.999809 0.0881657 0.0135953 -0.0202734 1
0.999864 0.014082 0.00856781 -0.0139243 0.999737 -0.0181974 -0.00882182 0.0180756 0.999798 0.089067 0.0135131 -0.0208188 1
0.999853 0.0154999 0.00726381 -0.0153549 0.99969 -0.0196082 -0.00756548 0.0194938 0.999781 0.0898163 0.0134673 -0.021544 1
0.999835 0.0171367 0.00602575 -0.0170052 0.99963 -0.0212324 -0.00638737 0.0211264 0.999756 0.090294 0.0134624 -0.0224554 1
0.999813 0.0187488 0.00466747 -0.0186366 0.999561 -0.0230272 -0.00509715 0.0229359 0.999724 0.0906926 0.0134809 -0.0235371 1
0.999786 0.0204354 0.00329854 -0.0203469 0.999481 -0.0249558 -0.00380681 0.0248834 0.999683 0.0909375 0.0135172 -0.0247599 1
0.999754 0.0221151 0.00185466 -0.0220571 0.999394 -0.0269351 -0.00244921 0.0268876 0.999635 0.0910916 0.0135594 -0.0260745 1
0.999717 0.0237937 0.000403203 -0.0237723 0.999303 -0.028798 -0.00108813 0.0287803 0.999585 0.091154 0.0135805 -0.027355 1
0.999678 0.0253626 -0.00112799 -0.0253852 0.999216 -0.0303695 0.000356862 0.0303883 0.999538 0.0912021 0.0135557 -0.0284718 1
0.999635 0.0268734 -0.00273116 -0.0269466 0.999134 -0.0317183 0.00187641 0.0317804 0.999493 0.0912112 0.0134892 -0.0294712 1
0.99959 0.0282877 -0.00433511 -0.028415 0.999057 -0.0328405 0.00340203 0.0329503 0.999451 0.0911859 0.0133797 -0.0303483 1
0.999546 0.0295309 -0.00599783 -0.0297172 0.998987 -0.0338001 0.0049936 0.033963 0.999411 0.0911989 0.013234 -0.0311397 1
0.999496 0.0308134 -0.00769617 -0.0310626 0.998916 -0.0346832 0.00661912 0.0349047 0.999369 0.0910835 0.0130705 -0.0318932 1
0.999436 0.0322348 -0.00943579 -0.0325523 0.998833 -0.0356837 0.00827451 0.0359708 0.999319 0.0907708 0.0129197 -0.0327478 1
0.999371 0.0336668 -0.0111232 -0.0340557 0.99874 -0.0368512 0.00986849 0.0372068 0.999259 0.0903465 0.0127913 -0.0337295 1
0.999304 0.0350313 -0.0128438 -0.0355 0.998636 -0.038285 0.0114851 0.0387143 0.999184 0.0898844 0.0127037 -0.0349073 1
0.999218 0.036752 -0.0145569 -0.0373084 0.998503 -0.0400017 0.013065 0.0405136 0.999094 0.0890465 0.0126753 -0.0362996 1
0.999131 0.0383958 -0.0162189 -0.039048 0.998354 -0.0420137 0.014579 0.0426105 0.998985 0.0881689 0.0127058 -0.0379048 1
0.999038 0.0400647 -0.0178495 -0.0408202 0.998189 -0.044192 0.0160466 0.0448781 0.998864 0.0871725 0.0127881 -0.0396352 1
0.99894 0.0416884 -0.0194988 -0.0425572 0.998012 -0.0464948 0.0175217 0.0472753 0.998728 0.086113 0.0129199 -0.0414621 1
0.998832 0.0434521 -0.0211171 -0.044441 0.997816 -0.0488641 0.0189477 0.0497455 0.998582 0.0848512 0.0130994 -0.0433452 1
