NO_OF_FRAMES	30029
FREQUENCY	100
DATA_INCLUDED	6DOF(row-major-order)
ORDER	R11 R12 R13 R21 R22 R23 R31 R32 R33 Tx Ty Tz RMS
SOURCE_FILE	/afs/inf.ed.ac.uk/group/cstr/projects/galatea/DB/MotionCapture/Recordings_October_2014/Markers/Dani/CSTR/Dani_02_i.tsv.gz,Head/Dani_02_i.dof.gz
RIGID_BODY_MARKERS	 1 2 3 4
PROGRAM_NAME	EstimateRigidBodyWithSegment,nm-head-orientation
REFERENCE_FRAME	3
SEGMENT_HALF_WIDTH	2
SEGMENT_WINDOW_TYPE	rectangle
REFERENCE_MARKER_1	-0.311212 0.719282 0.207434
REFERENCE_MARKER_2	-0.278373 0.692034 0.144038
REFERENCE_MARKER_3	-0.31639 0.674264 0.0596418
REFERENCE_MARKER_4	-0.367661 0.696684 0.262754
REFERENCE_CENTRE	-0.318409 0.695566 0.168467
NOTES	Normalised_Head_Orientation
END_OF_HEADER
0.965466 0.231021 0.120437 -0.243596 0.96441 0.10283 -0.0923949 -0.128616 0.987381 0 0 0 1
0.965466 0.231021 0.120437 -0.243596 0.96441 0.10283 -0.0923949 -0.128616 0.987381 0 0 0 1
0.965466 0.231021 0.120437 -0.243596 0.96441 0.10283 -0.0923949 -0.128616 0.987381 5.02514e-17 -1.63764e-17 -3.25343e-17 1
0.965492 0.230908 0.120442 -0.243473 0.964454 0.102709 -0.0924447 -0.128489 0.987393 5.50948e-05 6.31947e-05 -0.000104302 1
0.965484 0.230847 0.120622 -0.243401 0.96451 0.102352 -0.0927139 -0.128179 0.987408 2.28527e-05 0.000132958 -0.000412929 1
0.965487 0.230787 0.120717 -0.243344 0.964536 0.102249 -0.0928382 -0.128096 0.987407 1.54033e-05 0.000192613 -0.000514072 1
0.965469 0.230779 0.120873 -0.243343 0.964551 0.102103 -0.0930247 -0.127991 0.987403 -4.89305e-05 0.000258225 -0.000649136 1
0.965534 0.230495 0.120902 -0.243051 0.964638 0.101984 -0.0931195 -0.127854 0.987412 0.000130802 0.000353199 -0.000773507 1
0.965571 0.230296 0.120979 -0.242861 0.964687 0.101966 -0.0932245 -0.127836 0.987404 0.000235537 0.000427155 -0.000818104 1
0.965604 0.230143 0.121008 -0.242722 0.96471 0.102079 -0.0932451 -0.12794 0.987389 0.000313689 0.000488586 -0.000746415 1
0.965651 0.229944 0.12101 -0.242528 0.964754 0.102126 -0.0932612 -0.127966 0.987384 0.000430521 0.000551881 -0.000727475 1
0.965759 0.229593 0.120813 -0.242159 0.964838 0.102205 -0.0930993 -0.127962 0.9874 0.00070598 0.000620246 -0.00067779 1
0.965782 0.229515 0.120779 -0.242079 0.964856 0.102226 -0.0930722 -0.127966 0.987402 0.000736281 0.000661724 -0.000658927 1
0.965791 0.229495 0.120746 -0.242063 0.964851 0.102311 -0.0930219 -0.128039 0.987397 0.000718358 0.00069007 -0.000584335 1
0.965812 0.229437 0.120689 -0.242002 0.964861 0.102358 -0.0929635 -0.128066 0.987399 0.00073773 0.000724282 -0.000540205 1
0.965889 0.229125 0.120664 -0.241675 0.964956 0.102237 -0.0930103 -0.127911 0.987415 0.000940204 0.000800758 -0.00065718 1
0.965897 0.229067 0.120714 -0.24164 0.964948 0.102401 -0.0930259 -0.128078 0.987392 0.000941372 0.000831163 -0.000533224 1
0.965948 0.22891 0.120603 -0.241466 0.964994 0.102374 -0.0929471 -0.128009 0.987408 0.00104222 0.000888158 -0.00056381 1
0.966043 0.228591 0.120449 -0.241126 0.96508 0.102362 -0.0928443 -0.127929 0.987428 0.00128246 0.000965785 -0.000594255 1
0.966113 0.228313 0.12041 -0.240856 0.965135 0.102487 -0.0928131 -0.128016 0.98742 0.00147342 0.00102955 -0.000522856 1
0.966083 0.228442 0.120405 -0.240987 0.965097 0.102529 -0.0927805 -0.128067 0.987416 0.00134175 0.00105209 -0.000476464 1
0.966088 0.228389 0.120467 -0.24094 0.965112 0.102505 -0.0928534 -0.128054 0.987411 0.00133239 0.00110066 -0.000515704 1
0.966097 0.228288 0.120591 -0.240867 0.965116 0.102632 -0.0929542 -0.128199 0.987383 0.00135379 0.00114503 -0.000442764 1
0.966108 0.228166 0.120728 -0.240771 0.965133 0.102707 -0.0930842 -0.128294 0.987358 0.00138662 0.001203 -0.000415616 1
0.966151 0.227978 0.120739 -0.240583 0.96518 0.102697 -0.0931226 -0.128269 0.987358 0.00148978 0.00127445 -0.00044852 1
0.966199 0.22775 0.120786 -0.240363 0.965233 0.102717 -0.0931927 -0.128277 0.98735 0.00161698 0.00135261 -0.000472683 1
0.96629 0.227417 0.120683 -0.240012 0.965325 0.102669 -0.0931496 -0.128173 0.987368 0.0018582 0.00145261 -0.000532583 1
0.966346 0.227194 0.120659 -0.239778 0.965394 0.102571 -0.0931795 -0.12805 0.987381 0.00199505 0.00154244 -0.000631076 1
0.966397 0.227003 0.120607 -0.23958 0.965443 0.102574 -0.0931549 -0.128022 0.987387 0.00211371 0.00161697 -0.000643131 1
0.966409 0.226939 0.120631 -0.239509 0.965473 0.10246 -0.0932138 -0.12791 0.987396 0.00211222 0.00168698 -0.000746079 1
0.966508 0.226556 0.120561 -0.239116 0.96557 0.102455 -0.0931985 -0.127852 0.987405 0.00238147 0.00178776 -0.000783743 1
0.966551 0.226332 0.120636 -0.238898 0.96563 0.102405 -0.0933122 -0.1278 0.987401 0.00249005 0.00187025 -0.000861031 1
0.966651 0.225895 0.120658 -0.238462 0.96574 0.102386 -0.0933954 -0.127744 0.9874 0.00277696 0.00197923 -0.000929634 1
0.966778 0.225313 0.120721 -0.237891 0.965878 0.102405 -0.0935291 -0.127721 0.98739 0.00316732 0.00210671 -0.000991643 1
0.966863 0.224863 0.12088 -0.237475 0.965966 0.102548 -0.0937066 -0.127855 0.987356 0.00344205 0.00220922 -0.000963798 1
0.96692 0.224483 0.121135 -0.237118 0.966064 0.102446 -0.0940268 -0.12778 0.987335 0.00363755 0.00232036 -0.00113242 1
0.967026 0.223906 0.121357 -0.236566 0.966205 0.102391 -0.0943302 -0.127724 0.987314 0.00400023 0.00245395 -0.00128041 1
0.967036 0.223688 0.121672 -0.236366 0.96628 0.102152 -0.0947186 -0.127543 0.9873 0.00406223 0.002554 -0.00154179 1
0.967052 0.22343 0.122021 -0.236129 0.966364 0.101904 -0.0951484 -0.127359 0.987282 0.00415422 0.00265469 -0.00182499 1
0.967083 0.223107 0.122371 -0.235816 0.966479 0.101535 -0.0956156 -0.12705 0.987277 0.00429584 0.00277037 -0.00220639 1
0.96709 0.222973 0.122557 -0.235672 0.96655 0.101188 -0.0958951 -0.126742 0.98729 0.00432645 0.00286133 -0.00253544 1
0.967054 0.222944 0.12289 -0.235654 0.966588 0.100866 -0.0962963 -0.126502 0.987281 0.00424637 0.00293558 -0.00284992 1
0.967034 0.2229 0.12313 -0.235624 0.966613 0.100697 -0.0965741 -0.12639 0.987269 0.00420205 0.00299877 -0.00303483 1
0.96703 0.22284 0.123267 -0.235554 0.96666 0.100411 -0.0967815 -0.126137 0.987281 0.00419037 0.00307052 -0.00328882 1
0.967113 0.222502 0.123229 -0.235188 0.966775 0.100167 -0.0968473 -0.125855 0.98731 0.00442648 0.00317497 -0.00351147 1
0.967159 0.222283 0.123265 -0.23497 0.966831 0.100138 -0.0969171 -0.125812 0.987309 0.00456096 0.00325183 -0.0035554 1
0.96729 0.221883 0.122957 -0.234524 0.966946 0.100065 -0.0966905 -0.125628 0.987354 0.00489778 0.00335391 -0.00361473 1
0.967431 0.221471 0.122585 -0.234058 0.967067 0.0999933 -0.096402 -0.125429 0.987408 0.00525671 0.0034627 -0.00367007 1
0.967537 0.221225 0.122197 -0.233764 0.967136 0.100013 -0.0960558 -0.125332 0.987454 0.00548654 0.00355046 -0.00363735 1
0.967576 0.221192 0.121945 -0.233723 0.967121 0.100253 -0.0957601 -0.125504 0.987461 0.00553044 0.00359754 -0.0034255 1
0.967649 0.22098 0.121748 -0.233509 0.967148 0.100486 -0.0955431 -0.125664 0.987461 0.00570043 0.00366939 -0.00324945 1
0.967727 0.220708 0.121621 -0.233244 0.967186 0.100735 -0.0953977 -0.125851 0.987452 0.00590575 0.00374967 -0.00307027 1
0.967853 0.220187 0.121567 -0.232747 0.967273 0.10105 -0.0953387 -0.126096 0.987426 0.00628594 0.00385774 -0.00287661 1
0.967968 0.219694 0.121545 -0.23228 0.967355 0.101339 -0.0953134 -0.126325 0.987399 0.0066392 0.00396806 -0.00270875 1
0.968048 0.219332 0.121559 -0.23192 0.967442 0.101334 -0.0953754 -0.126288 0.987398 0.00687483 0.00408479 -0.00276909 1
0.968191 0.21877 0.121432 -0.231342 0.96758 0.101339 -0.0953255 -0.126208 0.987413 0.00729474 0.00422045 -0.00283036 1
0.968256 0.218429 0.121528 -0.231024 0.967646 0.101441 -0.0954385 -0.126296 0.987391 0.00750106 0.00431533 -0.00282207 1
0.968305 0.218128 0.121675 -0.230747 0.967705 0.101499 -0.0956057 -0.126359 0.987367 0.00767136 0.00440175 -0.00285067 1
0.96832 0.217936 0.121899 -0.230599 0.967724 0.101657 -0.0958094 -0.126546 0.987323 0.0077441 0.004454 -0.00280533 1
0.968425 0.217383 0.122058 -0.230074 0.967842 0.101726 -0.0960193 -0.126597 0.987296 0.00810999 0.00455545 -0.00285127 1
0.968455 0.217052 0.122409 -0.229795 0.9679 0.1018 -0.0963842 -0.126718 0.987245 0.008264 0.00462476 -0.00289022 1
0.968483 0.216787 0.122652 -0.229561 0.967956 0.101795 -0.0966536 -0.126743 0.987215 0.00838977 0.00468795 -0.00297624 1
0.968486 0.216687 0.122806 -0.229473 0.967985 0.101719 -0.0968336 -0.126694 0.987204 0.00840274 0.00473412 -0.00307565 1
0.96849 0.216545 0.123027 -0.229337 0.968041 0.101496 -0.0971163 -0.126513 0.9872 0.00842103 0.00479637 -0.00330239 1
0.968475 0.216554 0.123127 -0.229382 0.968006 0.101726 -0.0971585 -0.126762 0.987163 0.00835896 0.00480163 -0.00315118 1
0.96849 0.21647 0.123156 -0.229313 0.968011 0.101837 -0.0971714 -0.126869 0.987148 0.00838479 0.00482765 -0.00308525 1
0.968547 0.216241 0.123112 -0.229088 0.968054 0.101934 -0.0971366 -0.126931 0.987144 0.00853106 0.00487407 -0.00302918 1
0.96856 0.216169 0.123138 -0.229028 0.968058 0.102027 -0.0971494 -0.127021 0.987131 0.00853984 0.00489499 -0.00296998 1
0.96858 0.216105 0.123091 -0.228977 0.96805 0.102216 -0.0970694 -0.127189 0.987117 0.00856392 0.00490549 -0.00282366 1
0.9686 0.216008 0.123104 -0.228878 0.968078 0.102177 -0.0971027 -0.127145 0.98712 0.00859466 0.00493108 -0.0028622 1
0.968565 0.216182 0.12307 -0.229058 0.968024 0.102288 -0.0970215 -0.127262 0.987113 0.00842901 0.00490412 -0.00274933 1
0.968504 0.21644 0.1231 -0.22932 0.967961 0.102294 -0.0970158 -0.127302 0.987108 0.00818111 0.00486888 -0.00271563 1
0.968499 0.216502 0.123032 -0.22938 0.96794 0.102357 -0.0969271 -0.127354 0.98711 0.0081117 0.0048528 -0.002651 1
0.968501 0.216535 0.12296 -0.229399 0.96794 0.102317 -0.0968625 -0.1273 0.987123 0.00805583 0.00484596 -0.00265726 1
0.968429 0.216918 0.122851 -0.22978 0.967838 0.102429 -0.0966815 -0.127424 0.987125 0.00774954 0.00478489 -0.00250682 1
0.968401 0.217071 0.122796 -0.229928 0.967799 0.102458 -0.0966016 -0.127455 0.987129 0.00760489 0.00476376 -0.00245446 1
0.968433 0.216993 0.122682 -0.229849 0.967804 0.102589 -0.0964709 -0.127549 0.987129 0.00765694 0.00476666 -0.00234022 1
0.968429 0.217027 0.122656 -0.229892 0.96778 0.102722 -0.0964104 -0.127676 0.987119 0.00760377 0.00476104 -0.00222876 1
0.968418 0.217105 0.122609 -0.229976 0.967746 0.102849 -0.0963254 -0.127798 0.987111 0.00753055 0.00474984 -0.00211865 1
0.968416 0.217057 0.122704 -0.229942 0.967752 0.102869 -0.0964185 -0.127835 0.987098 0.00751302 0.00476241 -0.00212483 1
0.968829 0.214317 0.124249 -0.227612 0.968079 0.104956 -0.0977887 -0.129965 0.986685 0.00923977 0.00484209 -0.000979892 1
0.969162 0.21172 0.126095 -0.225498 0.968315 0.107317 -0.0993784 -0.132441 0.986196 0.0107931 0.00487502 0.000361128 1
0.969509 0.209048 0.127869 -0.2233 0.968569 0.109597 -0.100939 -0.134809 0.985717 0.0124126 0.00493505 0.0016251 1
0.969989 0.205506 0.129955 -0.220351 0.968911 0.112501 -0.102795 -0.13776 0.985117 0.0146333 0.00505809 0.00321106 1
0.970453 0.202049 0.131902 -0.217437 0.969273 0.115027 -0.104608 -0.140309 0.984566 0.0168056 0.00522928 0.00453448 1
0.970628 0.200637 0.132766 -0.216241 0.969439 0.115877 -0.105459 -0.141183 0.98435 0.017662 0.00534982 0.00488722 1
0.9706 0.200705 0.132863 -0.216273 0.969488 0.115405 -0.105646 -0.140747 0.984393 0.0175427 0.00541871 0.00449799 1
0.97069 0.20009 0.133133 -0.215707 0.969603 0.115504 -0.105975 -0.140836 0.984345 0.0179296 0.00552753 0.00445187 1
0.970678 0.200203 0.133051 -0.21575 0.969658 0.114959 -0.105999 -0.140294 0.98442 0.017832 0.00560525 0.00405327 1
0.970645 0.200392 0.13301 -0.21591 0.969647 0.114752 -0.105977 -0.140102 0.984449 0.017688 0.00564802 0.00392857 1
0.970697 0.200171 0.132964 -0.21566 0.969729 0.11453 -0.106013 -0.139849 0.984481 0.0178433 0.0057552 0.00373966 1
0.970859 0.199315 0.133068 -0.214873 0.969845 0.115026 -0.106128 -0.140267 0.984409 0.018468 0.00587311 0.00400214 1
0.970983 0.198636 0.133177 -0.21426 0.969925 0.115487 -0.106231 -0.140671 0.984341 0.0189443 0.00597418 0.00425542 1
0.971073 0.198193 0.13318 -0.213851 0.96998 0.115791 -0.106233 -0.140922 0.984305 0.01927 0.00607697 0.00443106 1
0.970778 0.200757 0.131482 -0.215915 0.969804 0.113406 -0.104744 -0.138481 0.984811 0.0176626 0.00609973 0.00306677 1
0.970363 0.204162 0.129278 -0.218744 0.969463 0.11087 -0.102695 -0.135863 0.985391 0.0155431 0.00605218 0.00177644 1
0.970122 0.20649 0.127378 -0.220557 0.96933 0.108415 -0.101085 -0.133269 0.985911 0.0141579 0.0061455 0.00037257 1
0.969775 0.209311 0.125399 -0.222826 0.969122 0.105603 -0.0994233 -0.130353 0.98647 0.0124047 0.00622325 -0.00124121 1
0.969433 0.211967 0.123566 -0.224998 0.968881 0.103176 -0.0978509 -0.127824 0.986958 0.0107393 0.0062863 -0.00260853 1
0.969629 0.211183 0.123379 -0.224208 0.969044 0.103365 -0.0977305 -0.127888 0.986962 0.0113591 0.00645175 -0.00251551 1
0.969759 0.210605 0.123337 -0.223628 0.969175 0.103393 -0.0977602 -0.127848 0.986964 0.0117806 0.00659553 -0.0025506 1
0.969824 0.210302 0.123348 -0.223349 0.969215 0.103621 -0.097759 -0.128043 0.986939 0.0119897 0.00668469 -0.00241366 1
0.969941 0.209792 0.123296 -0.222846 0.969317 0.103752 -0.0977467 -0.12811 0.986931 0.0123706 0.00679889 -0.00235945 1
0.969973 0.209659 0.123266 -0.222706 0.969352 0.103722 -0.0977421 -0.12806 0.986938 0.0124528 0.00686992 -0.0023884 1
0.969941 0.20975 0.123367 -0.222806 0.969334 0.103679 -0.0978367 -0.128049 0.98693 0.0123323 0.00691004 -0.00242616 1
0.970001 0.209491 0.123334 -0.222523 0.969419 0.103486 -0.097883 -0.127826 0.986955 0.0125028 0.00699949 -0.00258026 1
0.970057 0.209267 0.123271 -0.222279 0.96949 0.103352 -0.0978818 -0.127658 0.986977 0.012658 0.00708649 -0.00267973 1
0.970004 0.209447 0.123383 -0.222437 0.969491 0.102997 -0.0980465 -0.127352 0.987 0.0124556 0.00714602 -0.00293442 1
0.970113 0.209046 0.123212 -0.221991 0.969619 0.102757 -0.0979877 -0.127038 0.987046 0.0127657 0.00727534 -0.00310963 1
0.970249 0.208558 0.122968 -0.221457 0.969757 0.102611 -0.0978485 -0.126791 0.987092 0.0131574 0.00740863 -0.00320265 1
0.970273 0.208507 0.122858 -0.221383 0.969783 0.102521 -0.0977695 -0.126673 0.987115 0.0131836 0.0074891 -0.0032371 1
0.970332 0.208334 0.122689 -0.221176 0.969843 0.102397 -0.0976566 -0.126495 0.987149 0.0133073 0.00758879 -0.00329913 1
0.970483 0.207823 0.122362 -0.220634 0.969955 0.102505 -0.0973832 -0.126476 0.987178 0.0137277 0.00770984 -0.00318974 1
0.970567 0.207511 0.122222 -0.220304 0.97003 0.102506 -0.097288 -0.126415 0.987195 0.0139477 0.00781328 -0.00316981 1
0.970654 0.207186 0.122084 -0.219959 0.970112 0.102469 -0.0972046 -0.126316 0.987216 0.014175 0.00792348 -0.00318079 1
0.970761 0.206796 0.121892 -0.219543 0.970208 0.102454 -0.0970739 -0.126219 0.987241 0.0144644 0.00804157 -0.00317723 1
0.970818 0.206591 0.121791 -0.219315 0.970271 0.10235 -0.0970254 -0.126074 0.987265 0.0145923 0.0081379 -0.00323053 1
0.970912 0.20625 0.121614 -0.21895 0.970354 0.102339 -0.096901 -0.125989 0.987288 0.0148472 0.00825482 -0.00322329 1
0.970981 0.205995 0.121497 -0.218674 0.970423 0.102276 -0.0968349 -0.125877 0.987309 0.0150222 0.00836481 -0.00325965 1
0.97107 0.205633 0.121398 -0.218287 0.970524 0.102148 -0.0968151 -0.125693 0.987334 0.0152758 0.00849482 -0.00336177 1
0.971104 0.205451 0.121441 -0.218105 0.970571 0.102091 -0.0968925 -0.125628 0.987334 0.0153648 0.00859539 -0.00341346 1
0.971236 0.20485 0.121399 -0.217502 0.970703 0.102121 -0.096923 -0.125588 0.987337 0.0157917 0.00875695 -0.00343894 1
0.971354 0.204274 0.121427 -0.216918 0.970846 0.102005 -0.0970494 -0.125423 0.987345 0.0161781 0.00892844 -0.00357841 1
0.971495 0.203565 0.121489 -0.216214 0.971007 0.101962 -0.0972109 -0.125323 0.987342 0.0166559 0.00912127 -0.00368605 1
0.971659 0.202729 0.121573 -0.21538 0.971202 0.101877 -0.0974181 -0.125174 0.98734 0.0172185 0.00934368 -0.00384411 1
0.971872 0.201713 0.121559 -0.214373 0.971414 0.101978 -0.0975137 -0.125168 0.987332 0.0179392 0.00959291 -0.00386402 1
0.971981 0.201082 0.121738 -0.213767 0.971545 0.101999 -0.0977635 -0.125164 0.987308 0.0183166 0.00979949 -0.00393766 1
0.972089 0.200427 0.121948 -0.21316 0.971656 0.102214 -0.0980054 -0.125356 0.987259 0.0187056 0.0100014 -0.00387732 1
0.97225 0.199558 0.122092 -0.212313 0.971838 0.102243 -0.0982504 -0.125327 0.987239 0.019266 0.0102534 -0.00396088 1
0.972389 0.198691 0.122395 -0.211485 0.972018 0.102246 -0.0986545 -0.125308 0.987201 0.0197784 0.0105175 -0.00410324 1
0.972598 0.197601 0.1225 -0.210426 0.972231 0.10241 -0.0988617 -0.125381 0.987171 0.0205102 0.0108273 -0.00411379 1
0.972913 0.196 0.122577 -0.208845 0.972561 0.102517 -0.09912 -0.125339 0.98715 0.0216224 0.0112346 -0.00421569 1
0.973292 0.194151 0.122511 -0.206986 0.972961 0.10249 -0.0992995 -0.12511 0.987161 0.0229548 0.0117107 -0.00442313 1
0.97368 0.192186 0.12252 -0.205036 0.973359 0.102628 -0.0995321 -0.125048 0.987146 0.0243539 0.0122164 -0.00453873 1
0.974083 0.190206 0.122412 -0.203062 0.973753 0.102813 -0.0996437 -0.125006 0.98714 0.0257928 0.0127391 -0.00459155 1
0.974408 0.188485 0.122488 -0.201347 0.974114 0.10277 -0.0999465 -0.124802 0.987135 0.0269791 0.0132354 -0.00481798 1
0.974754 0.186676 0.122502 -0.199542 0.974484 0.10278 -0.10019 -0.12463 0.987132 0.0282535 0.0137412 -0.00500583 1
0.974995 0.185215 0.122802 -0.198115 0.974779 0.10274 -0.100675 -0.1245 0.987099 0.029194 0.0141971 -0.00524713 1
0.975219 0.183872 0.123041 -0.196795 0.975054 0.102673 -0.101093 -0.124343 0.987076 0.0300598 0.0146458 -0.00549632 1
0.975437 0.182589 0.123222 -0.195546 0.975294 0.102781 -0.101411 -0.124352 0.987042 0.0308947 0.0150693 -0.00559356 1
0.975709 0.180921 0.123531 -0.193914 0.975622 0.102753 -0.101929 -0.124211 0.987007 0.0319885 0.0155685 -0.00587161 1
0.975963 0.179396 0.123749 -0.192412 0.975925 0.102703 -0.102345 -0.124045 0.986985 0.0329854 0.0160534 -0.00614572 1
0.976272 0.177567 0.123948 -0.190632 0.97625 0.102932 -0.102727 -0.124118 0.986936 0.0342183 0.0165636 -0.00622361 1
0.976591 0.175644 0.124176 -0.188746 0.976607 0.103025 -0.103175 -0.124051 0.986897 0.0355084 0.017092 -0.0064115 1
0.976867 0.173891 0.124471 -0.187042 0.976923 0.103133 -0.103665 -0.124028 0.986849 0.0366537 0.0175911 -0.0065891 1
0.977171 0.171996 0.12472 -0.185164 0.977295 0.102995 -0.104173 -0.123738 0.986832 0.0379048 0.0181244 -0.00695188 1
0.977434 0.170283 0.125007 -0.183495 0.977602 0.103076 -0.104656 -0.123688 0.986787 0.0390208 0.0186101 -0.00713224 1
0.977672 0.168769 0.125197 -0.181979 0.977911 0.102828 -0.105077 -0.123315 0.986789 0.0399891 0.0190883 -0.00753983 1
0.977885 0.167411 0.125361 -0.180627 0.978175 0.102701 -0.105432 -0.123074 0.986781 0.0408406 0.0195317 -0.00784312 1
0.978153 0.165754 0.125469 -0.178965 0.978498 0.102535 -0.105775 -0.122749 0.986785 0.0419218 0.0200308 -0.00819965 1
0.978363 0.164469 0.125519 -0.177678 0.97874 0.102464 -0.105999 -0.122549 0.986786 0.0427265 0.0204724 -0.00845066 1
0.978527 0.163327 0.125731 -0.176555 0.97895 0.102397 -0.10636 -0.122397 0.986766 0.0433734 0.0208863 -0.00871421 1
0.978702 0.162132 0.125922 -0.175392 0.97915 0.102484 -0.106681 -0.122387 0.986732 0.0440614 0.0213049 -0.0088679 1
0.978881 0.16091 0.126097 -0.174205 0.979349 0.102609 -0.106982 -0.122408 0.986697 0.0447591 0.0217285 -0.00899609 1
0.979059 0.15973 0.126214 -0.173051 0.979542 0.10272 -0.107225 -0.12241 0.98667 0.0454223 0.0221527 -0.00913061 1
0.979199 0.158634 0.126512 -0.172037 0.979676 0.103139 -0.107579 -0.122758 0.986589 0.0459857 0.0225291 -0.00904828 1
0.979408 0.157217 0.126663 -0.170679 0.979874 0.103518 -0.107839 -0.123005 0.98653 0.0468083 0.0229849 -0.0090129 1
0.979639 0.155662 0.126797 -0.169183 0.980093 0.103901 -0.1081 -0.123237 0.986472 0.0477244 0.0234726 -0.00898335 1
0.979861 0.154085 0.127004 -0.16769 0.980291 0.104446 -0.108407 -0.123639 0.986388 0.0486328 0.0239558 -0.00885153 1
0.979932 0.153386 0.127303 -0.167039 0.980392 0.10454 -0.108772 -0.123707 0.986339 0.0488809 0.0243413 -0.0089772 1
0.980052 0.152478 0.127467 -0.166153 0.980541 0.104557 -0.109044 -0.123651 0.986316 0.0492952 0.0247829 -0.00916613 1
0.980135 0.151762 0.127683 -0.165458 0.980664 0.104508 -0.109354 -0.123559 0.986294 0.0495527 0.0251841 -0.00939461 1
0.980194 0.151187 0.127918 -0.164903 0.980766 0.104424 -0.109671 -0.123449 0.986272 0.0496946 0.0255597 -0.00964205 1
0.980235 0.150713 0.128159 -0.164433 0.98087 0.104192 -0.110004 -0.123207 0.986265 0.0497592 0.0259227 -0.00999158 1
0.980373 0.149538 0.128478 -0.163315 0.981039 0.104356 -0.110437 -0.12329 0.986206 0.050304 0.02635 -0.0101397 1
0.980497 0.1484 0.128853 -0.16224 0.981202 0.104504 -0.110922 -0.123371 0.986142 0.0508103 0.0267608 -0.0103034 1
0.980609 0.147285 0.129283 -0.161191 0.981363 0.104617 -0.111465 -0.123427 0.986074 0.0512858 0.027166 -0.0105017 1
0.980709 0.146214 0.129739 -0.160183 0.981522 0.104674 -0.112037 -0.123437 0.986008 0.0517264 0.0275611 -0.0107383 1
0.9808 0.14521 0.130173 -0.159232 0.981677 0.10467 -0.112589 -0.123388 0.985951 0.0521245 0.0279463 -0.0110065 1
0.980905 0.144158 0.130555 -0.158229 0.981837 0.104686 -0.113092 -0.123344 0.985899 0.052573 0.0283452 -0.0112477 1
0.981015 0.143062 0.130934 -0.157168 0.982017 0.104594 -0.113616 -0.123187 0.985858 0.0530605 0.0287664 -0.0115743 1
0.981152 0.140949 0.132191 -0.155263 0.982272 0.105047 -0.115041 -0.123591 0.985642 0.0541307 0.0293055 -0.0117456 1
0.981293 0.13883 0.133378 -0.153338 0.982532 0.105446 -0.116409 -0.123925 0.98544 0.055222 0.0298599 -0.0119446 1
0.98146 0.136543 0.134506 -0.151237 0.982815 0.105844 -0.117742 -0.124224 0.985244 0.0564538 0.0304538 -0.0121507 1
0.981616 0.134291 0.13563 -0.149177 0.983082 0.106281 -0.119063 -0.12456 0.985043 0.0576653 0.0310364 -0.012319 1
0.981786 0.13195 0.136697 -0.147038 0.983342 0.106861 -0.12032 -0.125014 0.984832 0.0589616 0.0316194 -0.0123759 1
0.981932 0.130748 0.136802 -0.145844 0.983522 0.106837 -0.120579 -0.124859 0.98482 0.0596111 0.0320595 -0.0125853 1
0.982057 0.129656 0.136945 -0.14479 0.983659 0.107008 -0.120833 -0.124916 0.984782 0.060186 0.0324471 -0.0126309 1
0.982183 0.128533 0.137096 -0.143707 0.983797 0.107197 -0.121096 -0.124988 0.98474 0.0607905 0.0328318 -0.0126667 1
0.982262 0.127819 0.137199 -0.143015 0.983889 0.10728 -0.121276 -0.124998 0.984717 0.0611098 0.0331439 -0.012725 1
0.982337 0.127193 0.137244 -0.142393 0.983979 0.107278 -0.1214 -0.124926 0.984711 0.061394 0.0334396 -0.0128211 1
0.98242 0.126483 0.13731 -0.141686 0.984085 0.107244 -0.12156 -0.124814 0.984705 0.0617503 0.0337532 -0.0129488 1
0.982494 0.125909 0.137307 -0.141095 0.984184 0.107113 -0.121649 -0.124611 0.98472 0.0620202 0.0340478 -0.0131219 1
0.982537 0.125563 0.137314 -0.14072 0.984264 0.106874 -0.121734 -0.124331 0.984745 0.0621198 0.0343035 -0.0133468 1
0.982639 0.124815 0.137268 -0.139937 0.9844 0.106648 -0.121816 -0.124005 0.984776 0.0625364 0.034632 -0.0136001 1
0.982737 0.124127 0.137192 -0.139216 0.984522 0.10647 -0.121852 -0.123731 0.984806 0.06291 0.0349465 -0.013801 1
0.982822 0.123547 0.1371 -0.138617 0.984612 0.10642 -0.121843 -0.123596 0.984824 0.0632134 0.035217 -0.0138896 1
0.98294 0.122784 0.136939 -0.137826 0.984729 0.106362 -0.121788 -0.123421 0.984853 0.0636801 0.0355234 -0.0139919 1
0.983034 0.122101 0.136876 -0.137121 0.984838 0.106266 -0.121826 -0.123232 0.984872 0.0640766 0.0358123 -0.0141312 1
0.983123 0.12139 0.136868 -0.136392 0.984954 0.106131 -0.121925 -0.123007 0.984888 0.0644829 0.0361145 -0.0143104 1
0.983245 0.120458 0.136816 -0.135446 0.985088 0.106093 -0.121996 -0.122847 0.984899 0.0650736 0.0364549 -0.0144357 1
0.983326 0.119677 0.13692 -0.134661 0.98521 0.105962 -0.122213 -0.122633 0.984899 0.0655184 0.0367825 -0.0146479 1
0.983425 0.118611 0.137138 -0.133607 0.985365 0.105858 -0.122575 -0.122426 0.984879 0.0661446 0.0371709 -0.0149 1
0.98357 0.117309 0.137218 -0.132329 0.985522 0.105993 -0.122797 -0.12241 0.984854 0.0669809 0.0375927 -0.0149759 1
0.983762 0.115748 0.137166 -0.130789 0.985701 0.106241 -0.122907 -0.122455 0.984834 0.0680348 0.0380665 -0.0149746 1
0.983889 0.114454 0.137341 -0.129531 0.985854 0.106366 -0.123224 -0.122442 0.984796 0.0688329 0.0385006 -0.015086 1
0.984083 0.112731 0.13738 -0.12782 0.986067 0.106461 -0.123464 -0.122326 0.984781 0.06997 0.0390423 -0.015243 1
0.984272 0.111142 0.137321 -0.126233 0.986261 0.106558 -0.123591 -0.122216 0.984778 0.0710291 0.0395695 -0.0153674 1
0.984458 0.110496 0.136499 -0.12543 0.98641 0.106123 -0.122918 -0.121595 0.98494 0.0715364 0.0399872 -0.0156371 1
0.984643 0.109749 0.135768 -0.124531 0.986577 0.105635 -0.122352 -0.12092 0.985093 0.0720951 0.0404466 -0.0159717 1
0.984868 0.108804 0.134892 -0.123414 0.98677 0.105139 -0.121668 -0.120195 0.985266 0.0728373 0.0409619 -0.0163 1
0.985114 0.107702 0.133979 -0.122151 0.986969 0.104744 -0.120952 -0.11955 0.985433 0.073709 0.0415055 -0.0165618 1
0.985341 0.106694 0.133117 -0.120987 0.987155 0.104345 -0.120274 -0.11892 0.985592 0.0745 0.0420287 -0.0168165 1
0.985609 0.104333 0.132999 -0.118611 0.98744 0.104374 -0.120439 -0.118647 0.985605 0.0761403 0.0427843 -0.0170436 1
0.985807 0.101617 0.133637 -0.116025 0.987697 0.10485 -0.121338 -0.118867 0.985468 0.0779192 0.0435447 -0.0171201 1
0.985985 0.0989749 0.134303 -0.113516 0.987939 0.105313 -0.12226 -0.119082 0.985328 0.0796403 0.0442948 -0.0171979 1
0.986142 0.0962433 0.13513 -0.110925 0.988194 0.105681 -0.123364 -0.119206 0.985176 0.0813844 0.0450681 -0.0173882 1
0.986352 0.0935096 0.135523 -0.108273 0.988454 0.106001 -0.124046 -0.119228 0.985087 0.0832358 0.0458728 -0.0175136 1
0.98647 0.0912361 0.136212 -0.106095 0.988676 0.106134 -0.124986 -0.119149 0.984978 0.0846853 0.0465806 -0.017784 1
0.986634 0.0896278 0.136088 -0.104417 0.988897 0.105732 -0.125101 -0.118529 0.985038 0.085792 0.0472131 -0.0182102 1
0.986783 0.0880734 0.136026 -0.102791 0.989119 0.105254 -0.125275 -0.117845 0.985098 0.0868406 0.0478276 -0.0186941 1
0.986957 0.0867624 0.135605 -0.101385 0.989298 0.104929 -0.125049 -0.117309 0.985191 0.087807 0.0483737 -0.0189594 1
0.987035 0.0855765 0.135792 -0.100146 0.989485 0.104354 -0.125434 -0.1166 0.985226 0.0885302 0.0488784 -0.0195376 1
0.987222 0.0847775 0.13493 -0.0991579 0.989655 0.103687 -0.124744 -0.115741 0.985415 0.0891736 0.049321 -0.0199286 1
0.987388 0.0840787 0.134147 -0.0982955 0.989799 0.103131 -0.124108 -0.115017 0.98558 0.0897289 0.049716 -0.0202356 1
0.987552 0.0835322 0.133283 -0.0975755 0.989929 0.102563 -0.123373 -0.114291 0.985757 0.0901955 0.0500755 -0.0205213 1
0.987679 0.0829998 0.132672 -0.096876 0.990076 0.101802 -0.122906 -0.1134 0.985918 0.0905875 0.0504443 -0.0209984 1
0.987821 0.0824183 0.131972 -0.0961495 0.990199 0.101295 -0.12233 -0.11275 0.986064 0.0910463 0.0507999 -0.0212728 1
0.987915 0.0811342 0.132067 -0.0948457 0.990348 0.101073 -0.122592 -0.112377 0.986074 0.0918772 0.051277 -0.0215753 1
0.988005 0.0798457 0.132178 -0.0935257 0.990507 0.100744 -0.122879 -0.111898 0.986093 0.092713 0.0517689 -0.0219691 1
0.988084 0.0787077 0.132267 -0.092376 0.99063 0.100592 -0.123111 -0.111612 0.986097 0.0934425 0.0521975 -0.0222012 1
0.988162 0.077573 0.132357 -0.0912255 0.990755 0.100408 -0.123344 -0.111293 0.986103 0.0941732 0.0526254 -0.0224623 1
0.988258 0.076315 0.132371 -0.0899485 0.990886 0.10027 -0.123513 -0.110999 0.986116 0.0950151 0.0530758 -0.0226875 1
0.988316 0.0754512 0.132432 -0.0890672 0.990983 0.100094 -0.123685 -0.11072 0.986125 0.0955618 0.0534214 -0.0229017 1
0.988389 0.074529 0.13241 -0.0881286 0.991077 0.100003 -0.123775 -0.110511 0.986137 0.0961681 0.0537717 -0.0230411 1
0.988443 0.0736856 0.13248 -0.0872689 0.99117 0.099829 -0.123954 -0.110237 0.986146 0.0966987 0.0541072 -0.0232698 1
0.988498 0.073031 0.132429 -0.0866084 0.991227 0.0998423 -0.123975 -0.110163 0.986151 0.0971195 0.0543731 -0.0233028 1
0.988546 0.0723897 0.132427 -0.0859644 0.991283 0.0998362 -0.124046 -0.110077 0.986152 0.0975186 0.054638 -0.0233645 1
0.988602 0.0717686 0.132348 -0.0853316 0.991339 0.0998273 -0.124038 -0.109983 0.986163 0.0979198 0.0549003 -0.0234119 1
0.988636 0.0712799 0.132357 -0.0848506 0.991374 0.0998921 -0.124094 -0.109987 0.986156 0.0982077 0.0551133 -0.0234149 1
0.988698 0.0705885 0.132263 -0.0841473 0.991433 0.0998952 -0.124078 -0.109896 0.986168 0.0986582 0.0553868 -0.0234567 1
0.988739 0.0699488 0.132294 -0.0835063 0.99149 0.0998715 -0.124182 -0.109794 0.986166 0.0990424 0.0556492 -0.0235585 1
0.988786 0.0693568 0.132259 -0.0829077 0.991541 0.0998631 -0.124214 -0.109708 0.986172 0.0994005 0.0559015 -0.0236218 1
0.988831 0.0686845 0.132272 -0.0822489 0.991585 0.0999738 -0.124292 -0.109736 0.986159 0.0998041 0.056164 -0.0236217 1
0.988901 0.0676794 0.132266 -0.0812412 0.991667 0.0999807 -0.124397 -0.109616 0.986159 0.100445 0.0565361 -0.0237331 1
0.988967 0.0665547 0.132344 -0.0801266 0.991754 0.100017 -0.124597 -0.109518 0.986145 0.101152 0.0569469 -0.0238621 1
0.98903 0.0654998 0.132402 -0.079073 0.99184 0.0999999 -0.124771 -0.109372 0.986139 0.101813 0.0573488 -0.0240094 1
0.989078 0.0645497 0.132505 -0.0781174 0.991927 0.0998876 -0.124988 -0.109148 0.986136 0.102383 0.057742 -0.0242276 1
0.989139 0.0633842 0.132611 -0.0769312 0.992043 0.0996585 -0.125239 -0.108778 0.986145 0.103103 0.0582092 -0.0245553 1
0.989167 0.0626894 0.132736 -0.0762233 0.992117 0.0994633 -0.125454 -0.108503 0.986148 0.103479 0.0585448 -0.0248057 1
0.989221 0.0617918 0.132757 -0.0753044 0.992204 0.0992982 -0.125586 -0.108225 0.986162 0.10402 0.0589318 -0.0250305 1
0.989283 0.0605914 0.132843 -0.0740854 0.992315 0.0991067 -0.125817 -0.107886 0.98617 0.104755 0.0594054 -0.0253223 1
0.989348 0.0594484 0.132876 -0.0729221 0.992417 0.0989477 -0.125986 -0.107583 0.986181 0.105457 0.0598535 -0.025553 1
0.989394 0.0585756 0.13292 -0.0720333 0.992496 0.0988064 -0.126135 -0.107333 0.986189 0.105961 0.06022 -0.0257404 1
0.989455 0.0576169 0.13289 -0.0710567 0.992575 0.0987161 -0.126215 -0.107118 0.986203 0.106542 0.0606037 -0.025882 1
0.989499 0.0568984 0.132867 -0.0703171 0.992641 0.0985874 -0.12628 -0.106895 0.986219 0.106949 0.0609227 -0.0260231 1
0.989557 0.0561123 0.132771 -0.0695019 0.992711 0.0984613 -0.126278 -0.106661 0.986244 0.107421 0.0612551 -0.0261507 1
0.989614 0.055354 0.132668 -0.0687187 0.992774 0.0983727 -0.126264 -0.106468 0.986267 0.107877 0.0615748 -0.0262611 1
0.989675 0.0545752 0.132535 -0.0679156 0.992835 0.0983151 -0.12622 -0.106301 0.98629 0.108353 0.0619002 -0.0263412 1
0.989749 0.0534985 0.132418 -0.0668081 0.992922 0.0982005 -0.126227 -0.10604 0.986318 0.109034 0.0623124 -0.0264988 1
0.989817 0.052465 0.132324 -0.0657475 0.993003 0.0980936 -0.126251 -0.105795 0.986341 0.109677 0.0627088 -0.0266546 1
0.989867 0.0517652 0.132224 -0.0650341 0.99305 0.0980888 -0.126227 -0.105694 0.986355 0.110086 0.0629997 -0.0266931 1
0.989917 0.0511276 0.132102 -0.0643739 0.993099 0.0980301 -0.126179 -0.105546 0.986377 0.110461 0.0632746 -0.0267571 1
0.989961 0.0506025 0.131975 -0.0638303 0.993137 0.098005 -0.12611 -0.105445 0.986396 0.110757 0.0635085 -0.0267801 1
0.989994 0.0501842 0.131883 -0.0633926 0.993171 0.0979416 -0.126067 -0.105322 0.986415 0.11097 0.0637149 -0.0268244 1
0.990023 0.0498954 0.131775 -0.063078 0.993201 0.097837 -0.125998 -0.105173 0.98644 0.111094 0.0638932 -0.0268759 1
0.990054 0.0496223 0.131644 -0.062764 0.993241 0.0976336 -0.125909 -0.104925 0.986477 0.11121 0.0640836 -0.0269921 1
0.990086 0.0491217 0.131596 -0.0622355 0.993291 0.0974673 -0.125926 -0.104691 0.9865 0.111471 0.064339 -0.0271315 1
0.99013 0.0482355 0.131591 -0.0613122 0.993374 0.0972045 -0.12603 -0.104313 0.986527 0.111995 0.0647292 -0.027397 1
0.990169 0.0473424 0.131622 -0.060377 0.993464 0.0968718 -0.126175 -0.103866 0.986555 0.112522 0.0651415 -0.0277324 1
0.990196 0.0463221 0.131778 -0.0593212 0.993564 0.0964932 -0.126461 -0.103364 0.986572 0.113112 0.0655922 -0.0281429 1
0.99022 0.045041 0.132045 -0.0580083 0.993684 0.0960617 -0.126884 -0.102782 0.986578 0.113871 0.06614 -0.0286657 1
0.990231 0.0436034 0.132445 -0.0565291 0.993827 0.0954556 -0.127465 -0.10201 0.986583 0.114712 0.0667583 -0.0293726 1
0.99023 0.0420822 0.132942 -0.0549598 0.993985 0.094732 -0.128155 -0.101113 0.986586 0.115599 0.0674112 -0.0302108 1
0.990205 0.040819 0.133521 -0.0536467 0.994132 0.0939306 -0.128904 -0.100174 0.986585 0.116287 0.0680017 -0.0310983 1
0.990176 0.0393415 0.134182 -0.0521212 0.994292 0.0930991 -0.129753 -0.0991782 0.986574 0.117121 0.0686627 -0.0320686 1
0.990143 0.0379587 0.134822 -0.0506801 0.994449 0.0922146 -0.130573 -0.0981384 0.98657 0.11789 0.0692943 -0.0330599 1
0.990103 0.036838 0.135424 -0.0495098 0.99458 0.0914271 -0.131322 -0.097227 0.98656 0.118481 0.0698411 -0.0339433 1
0.990055 0.0360368 0.135986 -0.0486691 0.994684 0.0907434 -0.131993 -0.0964593 0.986546 0.118855 0.0702841 -0.0347063 1
0.990005 0.0350305 0.13661 -0.0476301 0.994795 0.09008 -0.132744 -0.0956864 0.986521 0.119365 0.0707727 -0.0355035 1
0.989964 0.0341178 0.137142 -0.0466864 0.994892 0.0895006 -0.133387 -0.095005 0.9865 0.119825 0.0712261 -0.0362066 1
0.98992 0.0331919 0.13768 -0.0457461 0.994976 0.0890457 -0.134033 -0.0944465 0.986466 0.120294 0.07166 -0.0368221 1
0.989879 0.0323414 0.138181 -0.0448908 0.995047 0.0886891 -0.134629 -0.0939946 0.986428 0.120719 0.0720466 -0.0373502 1
0.989837 0.0316133 0.138651 -0.044163 0.995106 0.0883916 -0.135178 -0.0936165 0.986389 0.121068 0.0723714 -0.0378113 1
0.989806 0.0312011 0.138962 -0.0437641 0.995133 0.0882888 -0.135531 -0.0934703 0.986354 0.121231 0.0725605 -0.0380431 1
0.989765 0.0311685 0.139258 -0.043744 0.995144 0.0881754 -0.135834 -0.0933647 0.986323 0.121142 0.0726042 -0.0382337 1
0.989722 0.031631 0.139462 -0.0442131 0.995133 0.0880641 -0.135997 -0.0933251 0.986304 0.120744 0.0724602 -0.0383328 1
0.98968 0.0325019 0.13956 -0.0450763 0.995108 0.0879067 -0.13602 -0.0932903 0.986304 0.120101 0.0721633 -0.0383785 1
0.989616 0.0339378 0.139675 -0.0465047 0.995059 0.0877151 -0.136008 -0.0932998 0.986305 0.11909 0.0716484 -0.0383798 1
0.989524 0.0362661 0.139742 -0.0488128 0.994974 0.0874294 -0.135869 -0.0933346 0.986321 0.117495 0.0708288 -0.0383251 1
0.989376 0.0396004 0.139882 -0.0521354 0.994833 0.0871141 -0.13571 -0.0934814 0.986329 0.115222 0.0696485 -0.0381936 1
0.989162 0.0438629 0.140122 -0.056403 0.994627 0.0868139 -0.135561 -0.0937763 0.986321 0.112317 0.068126 -0.0379652 1
0.988863 0.0492241 0.14045 -0.0617956 0.994325 0.0865979 -0.13539 -0.0943126 0.986293 0.108659 0.0662185 -0.0375616 1
0.988472 0.0555225 0.140853 -0.0681134 0.993947 0.0862016 -0.135214 -0.0948019 0.986271 0.104379 0.064007 -0.0372086 1
0.987994 0.0622176 0.141408 -0.0748192 0.993515 0.0856164 -0.135164 -0.0951685 0.986242 0.0998221 0.0616707 -0.0369844 1
0.987448 0.0691669 0.141993 -0.0817771 0.993021 0.0849797 -0.135124 -0.0955248 0.986213 0.0951162 0.0592408 -0.036771 1
0.986818 0.0754074 0.143195 -0.088122 0.992509 0.0846244 -0.135741 -0.0961275 0.98607 0.0908202 0.0569216 -0.0365625 1
0.986114 0.0815106 0.144692 -0.0943296 0.991986 0.0840567 -0.136681 -0.0965382 0.9859 0.086599 0.0546402 -0.0366 1
0.985343 0.0876616 0.146336 -0.100599 0.99142 0.0834696 -0.137763 -0.0969674 0.985707 0.0823142 0.0523445 -0.0366586 1
0.984515 0.0938595 0.148057 -0.106927 0.990804 0.0829091 -0.138914 -0.0974566 0.985497 0.0779902 0.0500308 -0.0367083 1
0.983674 0.0996078 0.149882 -0.112842 0.99018 0.0825304 -0.14019 -0.0980959 0.985253 0.0739711 0.0477913 -0.0366928 1
0.982708 0.106879 0.1512 -0.120144 0.989407 0.0814801 -0.140889 -0.0982368 0.985139 0.0689379 0.0453319 -0.0368945 1
0.981686 0.112842 0.153488 -0.126419 0.988603 0.0817508 -0.142514 -0.0996575 0.984763 0.0646544 0.0429401 -0.036459 1
0.98063 0.119933 0.154858 -0.13357 0.987736 0.0808543 -0.143262 -0.0999725 0.984623 0.0597161 0.0405676 -0.0365896 1
0.979517 0.125974 0.15709 -0.139872 0.98687 0.0807654 -0.144853 -0.101084 0.984276 0.0553678 0.0383008 -0.0363905 1
0.978292 0.132905 0.159 -0.146932 0.985912 0.0799329 -0.146136 -0.10156 0.984037 0.0504194 0.0360423 -0.0365758 1
0.977156 0.138409 0.16127 -0.152655 0.985075 0.0795204 -0.147857 -0.102323 0.983701 0.0464358 0.0340435 -0.0366761 1
0.975943 0.145537 0.162337 -0.15963 0.98414 0.0773773 -0.148501 -0.10143 0.983697 0.0414845 0.0320912 -0.0376696 1
0.97467 0.15175 0.16429 -0.165899 0.983205 0.0760577 -0.149989 -0.101387 0.983475 0.0370188 0.0302186 -0.0382901 1
0.973416 0.158467 0.165379 -0.17249 0.98222 0.0741061 -0.150695 -0.100662 0.983442 0.0323285 0.0284453 -0.0391863 1
0.972282 0.164217 0.166435 -0.178191 0.981305 0.0727289 -0.15138 -0.10037 0.983367 0.0283598 0.0268279 -0.0397607 1
0.97108 0.170314 0.167321 -0.184167 0.980329 0.0709827 -0.15194 -0.0997448 0.983344 0.0241427 0.0252786 -0.0405502 1
0.970016 0.175614 0.168017 -0.189375 0.979435 0.0696056 -0.152337 -0.0993367 0.983324 0.0205412 0.0238856 -0.0411206 1
0.969105 0.179882 0.168756 -0.193597 0.978683 0.0685511 -0.152827 -0.0991037 0.983271 0.0176577 0.0226829 -0.0415859 1
0.968261 0.183895 0.169272 -0.19753 0.977974 0.0674474 -0.15314 -0.098743 0.983259 0.0150099 0.0215921 -0.0420875 1
0.967446 0.187384 0.170107 -0.200955 0.977357 0.0662634 -0.153838 -0.09829 0.983195 0.0126308 0.0206539 -0.0427639 1
0.966649 0.190773 0.170867 -0.204254 0.976759 0.0649812 -0.154499 -0.0977143 0.983149 0.0103158 0.0198079 -0.0435176 1
0.966161 0.192673 0.171494 -0.206217 0.976355 0.0648513 -0.154944 -0.0980216 0.983048 0.00915926 0.0190623 -0.0435643 1
0.965687 0.194478 0.172128 -0.20809 0.975964 0.0647553 -0.155397 -0.0983514 0.982944 0.00807658 0.0183697 -0.0436033 1
0.965283 0.195863 0.172819 -0.209561 0.975649 0.0647602 -0.155926 -0.098728 0.982822 0.00725577 0.0177794 -0.0436313 1
0.964835 0.197269 0.173719 -0.210942 0.975405 0.0639387 -0.156833 -0.0983349 0.982717 0.0063496 0.0173403 -0.0443274 1
0.964198 0.199818 0.174342 -0.213427 0.974928 0.0629652 -0.157389 -0.0979202 0.98267 0.00464785 0.0167793 -0.0449191 1
0.963497 0.202372 0.17527 -0.215833 0.974505 0.0612826 -0.1584 -0.0968746 0.982611 0.00281138 0.0163757 -0.0461193 1
0.962983 0.203884 0.17634 -0.217308 0.974239 0.0602934 -0.159505 -0.0963816 0.982481 0.00167984 0.016058 -0.0469331 1
0.962459 0.205698 0.177092 -0.219028 0.973926 0.0591217 -0.160313 -0.0956902 0.982417 0.00039706 0.0157455 -0.0478097 1
0.96204 0.207323 0.177469 -0.220631 0.973593 0.0586435 -0.160625 -0.0955726 0.982378 -0.000661457 0.0153817 -0.0481291 1
0.962159 0.206614 0.177654 -0.220045 0.973683 0.0593406 -0.160718 -0.0961869 0.982302 6.65128e-05 0.0152115 -0.0478689 1
0.962064 0.206718 0.178044 -0.220247 0.973616 0.0596947 -0.161007 -0.0966439 0.98221 0.000118095 0.0149689 -0.0477588 1
0.961406 0.209555 0.178284 -0.222905 0.973098 0.0582472 -0.161282 -0.0957395 0.982254 -0.00185152 0.0145786 -0.0486118 1
0.961384 0.209486 0.178486 -0.222904 0.973081 0.0585448 -0.161417 -0.0960691 0.982199 -0.00165508 0.0143682 -0.0485292 1
0.961263 0.209727 0.178852 -0.223245 0.97298 0.0589156 -0.161663 -0.0965612 0.98211 -0.00174508 0.0140842 -0.0483448 1
0.961094 0.210167 0.179245 -0.223721 0.972874 0.0588662 -0.162011 -0.096677 0.982042 -0.00202287 0.0138318 -0.048454 1
0.961008 0.210519 0.179292 -0.224086 0.972789 0.0588825 -0.162017 -0.0967633 0.982032 -0.00217346 0.0135922 -0.0484724 1
0.961281 0.209175 0.179403 -0.222862 0.973023 0.0596502 -0.162086 -0.0973227 0.981966 -0.00106451 0.0134976 -0.0481752 1
0.960648 0.211231 0.180378 -0.224765 0.972686 0.0579844 -0.163203 -0.0962453 0.981887 -0.00277633 0.0132597 -0.0493392 1
0.960369 0.212133 0.180807 -0.225575 0.972551 0.057107 -0.16373 -0.0956294 0.981859 -0.00348387 0.0130932 -0.0499823 1
0.960008 0.213297 0.181352 -0.226648 0.972357 0.0561514 -0.164362 -0.0950089 0.981814 -0.00441583 0.0129116 -0.0506468 1
0.959679 0.214001 0.182262 -0.227203 0.972311 0.0546853 -0.165513 -0.0938909 0.981728 -0.00513125 0.0128922 -0.0517971 1
0.959683 0.214159 0.182057 -0.227381 0.972257 0.0549075 -0.165248 -0.0940901 0.981754 -0.00515344 0.0127356 -0.0515985 1
0.959876 0.213602 0.181693 -0.226906 0.972325 0.0556516 -0.164777 -0.0946459 0.981779 -0.00458352 0.0126147 -0.0510721 1
0.960087 0.213026 0.181256 -0.226412 0.972395 0.0564401 -0.16423 -0.095226 0.981815 -0.00402609 0.0125217 -0.0505026 1
0.960377 0.212172 0.180719 -0.225626 0.972532 0.0572283 -0.163613 -0.0957357 0.981868 -0.00325331 0.0124948 -0.0499604 1
