NO_OF_FRAMES	30332
FREQUENCY	100
DATA_INCLUDED	6DOF(row-major-order)
ORDER	R11 R12 R13 R21 R22 R23 R31 R32 R33 Tx Ty Tz RMS
SOURCE_FILE	/afs/inf.ed.ac.uk/group/cstr/projects/galatea/DB/MotionCapture/Recordings_October_2014/Markers/Dani/CSTR/Dani_03_e.tsv.gz,Head/Dani_03_e.dof.gz
RIGID_BODY_MARKERS	 1 2 3 4
PROGRAM_NAME	EstimateRigidBodyWithSegment,nm-head-orientation
REFERENCE_FRAME	3
SEGMENT_HALF_WIDTH	2
SEGMENT_WINDOW_TYPE	rectangle
REFERENCE_MARKER_1	-0.344516 0.738256 0.264866
REFERENCE_MARKER_2	-0.297271 0.734776 0.204903
REFERENCE_MARKER_3	-0.31726 0.726981 0.113124
REFERENCE_MARKER_4	-0.398943 0.690582 0.303881
REFERENCE_CENTRE	-0.339498 0.722649 0.221693
NOTES	Normalised_Head_Orientation
END_OF_HEADER
0.998434 -0.0285964 -0.048084 0.0246057 0.996359 -0.0816294 0.0502432 0.0803185 0.995502 0 0 0 1
0.998434 -0.0285964 -0.048084 0.0246057 0.996359 -0.0816294 0.0502432 0.0803185 0.995502 0 0 0 1
0.998434 -0.0285964 -0.048084 0.0246057 0.996359 -0.0816294 0.0502432 0.0803185 0.995502 -3.36226e-16 2.17573e-16 -5.41616e-17 1
0.998475 -0.0279972 -0.0475886 0.0240227 0.996332 -0.0821302 0.0497134 0.0808617 0.995485 -0.000471448 -8.52496e-05 -0.000595997 1
0.998434 -0.0282778 -0.0482667 0.0242807 0.996379 -0.0814791 0.050396 0.0801796 0.995506 -0.000130894 -0.000188971 0.000142401 1
0.998416 -0.0282972 -0.048622 0.0242775 0.996389 -0.081362 0.0507487 0.0800527 0.995498 -1.29525e-05 -0.000267886 0.000422815 1
0.998407 -0.0283606 -0.0487853 0.0243326 0.996396 -0.0812645 0.0509142 0.0799479 0.995498 0.000105382 -0.000273422 0.000546354 1
0.998464 -0.027361 -0.0481762 0.0233551 0.996372 -0.0818352 0.0502406 0.0805843 0.995481 -0.000681008 -0.000475196 -0.000138627 1
0.998451 -0.027334 -0.0484625 0.0233206 0.996398 -0.0815293 0.0505165 0.0802728 0.995492 -0.000634667 -0.000583413 0.000193961 1
0.998504 -0.0268001 -0.0476539 0.0228201 0.996356 -0.0821859 0.0496828 0.0809755 0.995477 -0.00113041 -0.000588324 -0.000625855 1
0.998507 -0.0267479 -0.0476285 0.022775 0.996365 -0.0820872 0.049651 0.0808799 0.995486 -0.00116285 -0.000637343 -0.000568854 1
0.998558 -0.0253319 -0.0473344 0.0213768 0.996381 -0.0822716 0.0492472 0.0811411 0.995485 -0.00222399 -0.00110666 -0.000905703 1
0.998576 -0.025393 -0.0469136 0.021458 0.996355 -0.0825558 0.048839 0.0814316 0.995482 -0.00224312 -0.00100408 -0.00129416 1
0.998558 -0.0257507 -0.0471032 0.0218166 0.996376 -0.0822069 0.0490494 0.0810607 0.995502 -0.00196012 -0.000972943 -0.000977405 1
0.998571 -0.0254495 -0.0469834 0.0215215 0.996376 -0.0822941 0.0489074 0.0811654 0.9955 -0.0021926 -0.00106897 -0.00111555 1
0.998588 -0.0252878 -0.0467283 0.0213849 0.996385 -0.0822137 0.0486384 0.0810983 0.995519 -0.00236516 -0.00111797 -0.0012307 1
0.998546 -0.0261989 -0.0471035 0.0222797 0.996393 -0.081885 0.0490789 0.0807165 0.995528 -0.00165558 -0.000898221 -0.000836731 1
0.998547 -0.0261977 -0.047098 0.0222818 0.996397 -0.0818267 0.049072 0.0806584 0.995533 -0.00166511 -0.000914602 -0.000811354 1
0.998546 -0.0262462 -0.0470937 0.0223333 0.996401 -0.0817704 0.0490704 0.0805997 0.995538 -0.00164019 -0.000912056 -0.000784216 1
0.998501 -0.0268304 -0.0477086 0.0229021 0.996446 -0.0810601 0.0497139 0.079846 0.995567 -0.00113713 -0.000891519 -1.32484e-05 1
0.998469 -0.0272547 -0.0481418 0.0233163 0.996477 -0.080556 0.0501678 0.0793101 0.995587 -0.000772521 -0.000883852 0.000536387 1
0.998458 -0.0275771 -0.048183 0.0236477 0.99649 -0.0802986 0.0502282 0.0790353 0.995606 -0.000544999 -0.000806719 0.00074509 1
0.99843 -0.0278202 -0.0486201 0.0238827 0.996527 -0.0797692 0.0506705 0.0784828 0.995627 -0.000308379 -0.000865988 0.00131823 1
0.998476 -0.0275208 -0.0478421 0.0236037 0.996467 -0.0805951 0.0498911 0.079343 0.995598 -0.000640696 -0.000743797 0.000401354 1
0.99852 -0.0262258 -0.0476352 0.0223032 0.996457 -0.0810894 0.0495931 0.079907 0.995568 -0.00160431 -0.00110158 -0.000182239 1
0.998519 -0.0262116 -0.0476811 0.0222865 0.996459 -0.0810667 0.0496372 0.079884 0.995568 -0.00160659 -0.00111061 -0.000146241 1
0.998496 -0.0262642 -0.0481218 0.0223199 0.996485 -0.080745 0.0500734 0.0795495 0.995572 -0.00149431 -0.00119505 0.000285766 1
0.998483 -0.0263394 -0.0483537 0.0223852 0.996497 -0.0805722 0.0503066 0.0793675 0.995575 -0.00140148 -0.00121538 0.000494261 1
0.998488 -0.025736 -0.04857 0.0217606 0.996503 -0.0806747 0.0504764 0.0794958 0.995556 -0.0017908 -0.00139871 0.000460325 1
0.99848 -0.0257577 -0.0487308 0.0217775 0.996516 -0.0805135 0.0506348 0.0793299 0.995562 -0.00174954 -0.00143403 0.000643446 1
0.998548 -0.0245791 -0.0479374 0.0206043 0.996443 -0.0817164 0.0497754 0.08061 0.995502 -0.00268679 -0.00154073 -0.000611484 1
0.998562 -0.0243559 -0.0477583 0.0203928 0.996442 -0.0817818 0.0495802 0.0806903 0.995505 -0.00287617 -0.00159141 -0.000771168 1
0.998564 -0.0242009 -0.0478023 0.0202386 0.996451 -0.081701 0.0496099 0.0806162 0.99551 -0.00297467 -0.00167129 -0.000714776 1
0.998564 -0.0244563 -0.0476546 0.020517 0.996465 -0.0814663 0.0494785 0.0803716 0.995536 -0.00281764 -0.00165689 -0.000560868 1
0.998518 -0.0257472 -0.0479563 0.0218121 0.996488 -0.0808444 0.0498694 0.0796785 0.995572 -0.00183621 -0.00134159 0.000121238 1
0.998468 -0.0264719 -0.0485833 0.0225374 0.996555 -0.0798188 0.0505289 0.0786016 0.995625 -0.00124282 -0.0013558 0.00117366 1
0.998488 -0.026305 -0.0482694 0.0223789 0.996532 -0.0801485 0.0502103 0.0789471 0.995614 -0.00141325 -0.00133487 0.000817051 1
0.998496 -0.0262239 -0.0481538 0.0223024 0.996526 -0.0802426 0.0500908 0.0790479 0.995612 -0.00149984 -0.0013392 0.000714518 1
0.998497 -0.0261162 -0.0481902 0.0221938 0.996531 -0.0802073 0.0501178 0.0790172 0.995613 -0.00158235 -0.00139128 0.000743767 1
0.998554 -0.0255734 -0.0472789 0.0216724 0.996458 -0.081257 0.0491895 0.0801149 0.995571 -0.00212908 -0.00129432 -0.000358257 1
0.998593 -0.0249276 -0.0468106 0.021033 0.996417 -0.0819234 0.048685 0.0808235 0.995539 -0.00267064 -0.00137529 -0.00105683 1
0.998556 -0.0252355 -0.0474166 0.0213198 0.996458 -0.081345 0.0493015 0.0802167 0.995557 -0.00236893 -0.0014311 -0.000369529 1
0.998572 -0.0250466 -0.0471889 0.0211283 0.996427 -0.0817772 0.0490685 0.0806634 0.995533 -0.00254168 -0.00140552 -0.000747952 1
0.998512 -0.0257745 -0.0480602 0.0218261 0.99648 -0.0809423 0.0499773 0.0797729 0.995559 -0.00189506 -0.00138386 0.000219439 1
0.998505 -0.025599 -0.0483003 0.02163 0.996481 -0.0809787 0.0502033 0.0798129 0.995545 -0.00199007 -0.00144347 0.00027323 1
0.99845 -0.0263862 -0.0490113 0.0224026 0.996533 -0.0801218 0.0509555 0.0788996 0.995579 -0.00132661 -0.00137934 0.00121073 1
0.998492 -0.0258245 -0.0484441 0.0218538 0.996493 -0.0807747 0.0503602 0.0795942 0.995554 -0.00180659 -0.00140936 0.000505614 1
0.998532 -0.0251985 -0.0479378 0.0212445 0.996465 -0.0812731 0.0498163 0.0801354 0.995538 -0.00234921 -0.00152318 -7.084e-05 1
0.998549 -0.0247615 -0.0478103 0.0208115 0.996463 -0.0814171 0.0496572 0.080304 0.995533 -0.00267811 -0.00165212 -0.000220435 1
0.998519 -0.025045 -0.0482999 0.0210957 0.996522 -0.0806103 0.0501508 0.079472 0.995575 -0.00238978 -0.00180215 0.000592202 1
0.998546 -0.0246868 -0.0479179 0.0207537 0.996505 -0.0809085 0.0497478 0.0797964 0.995569 -0.00271222 -0.00185014 0.000218955 1
0.998557 -0.0244734 -0.0478113 0.0205436 0.996501 -0.0810225 0.0496269 0.0799234 0.995565 -0.00288603 -0.00192198 0.000104078 1
0.998545 -0.0248502 -0.047853 0.020917 0.996494 -0.0810084 0.0496983 0.0798896 0.995564 -0.00260818 -0.00174004 0.000161786 1
0.998561 -0.0247818 -0.0475657 0.020862 0.996479 -0.081206 0.0494107 0.0800968 0.995562 -0.00270775 -0.00171815 -6.0181e-05 1
0.998589 -0.02457 -0.0470774 0.0206726 0.996454 -0.0815568 0.0489143 0.0804685 0.995556 -0.00295188 -0.00170027 -0.000506371 1
0.998579 -0.0247362 -0.0472121 0.0208398 0.996471 -0.0813073 0.0490567 0.0802078 0.99557 -0.00281914 -0.0017104 -0.000228717 1
0.998584 -0.0247454 -0.0470828 0.0208646 0.996479 -0.0812008 0.0489264 0.0801035 0.995585 -0.00285214 -0.00171534 -0.000207184 1
0.998548 -0.0251249 -0.0476494 0.0212446 0.996548 -0.0802604 0.0495014 0.0791315 0.995634 -0.00249912 -0.00185923 0.000721588 1
0.998506 -0.0258795 -0.0481191 0.0219949 0.996586 -0.0795761 0.0500142 0.0783988 0.995667 -0.00190193 -0.0017575 0.00140873 1
0.998465 -0.0264178 -0.048684 0.0225245 0.996632 -0.0788536 0.0506031 0.0776359 0.995697 -0.00143594 -0.001736 0.00219775 1
0.998474 -0.0264588 -0.0484827 0.0225757 0.996622 -0.0789609 0.0504082 0.0777458 0.995698 -0.00144743 -0.00167648 0.00205533 1
0.998476 -0.0263307 -0.0484924 0.0224531 0.996634 -0.0788415 0.0504052 0.0776325 0.995707 -0.00154083 -0.00175184 0.00216981 1
0.998446 -0.0266314 -0.0489502 0.0227418 0.996665 -0.0783682 0.050874 0.0771332 0.995722 -0.00125346 -0.00175875 0.00270624 1
0.99848 -0.025865 -0.048661 0.021978 0.996649 -0.0787843 0.0505357 0.0775951 0.995703 -0.00182862 -0.00192078 0.00233482 1
0.998507 -0.025196 -0.0484613 0.02131 0.996639 -0.0790982 0.0502914 0.0779474 0.995688 -0.00231698 -0.00207919 0.00203601 1
0.998514 -0.0246841 -0.0485799 0.0207853 0.996643 -0.0791848 0.0503714 0.0780574 0.995676 -0.00262407 -0.00226188 0.00206217 1
0.998487 -0.0248175 -0.0490793 0.0209022 0.996676 -0.0787382 0.0508702 0.0775931 0.995686 -0.00241358 -0.0023332 0.00262687 1
0.998529 -0.0239972 -0.0486221 0.0200986 0.996661 -0.0791411 0.0503589 0.0780475 0.995677 -0.00303522 -0.00251345 0.00212013 1
0.998537 -0.0234242 -0.0487269 0.019527 0.996685 -0.0789734 0.0504153 0.0779064 0.995685 -0.00338478 -0.00276932 0.0022614 1
0.998556 -0.0228502 -0.0486142 0.0189555 0.996685 -0.0791201 0.0502609 0.0780844 0.995679 -0.00375076 -0.00292427 0.0020884 1
0.99855 -0.022412 -0.0489455 0.0185193 0.996735 -0.0785856 0.050547 0.0775652 0.995705 -0.00396363 -0.00322846 0.002585 1
0.998552 -0.0216303 -0.049254 0.0177336 0.996778 -0.0782214 0.0507873 0.0772347 0.995719 -0.00440639 -0.00362988 0.00295042 1
0.998579 -0.0206297 -0.0491313 0.0167457 0.996798 -0.0781926 0.0505871 0.0772588 0.995727 -0.00506639 -0.00401973 0.00289481 1
0.998575 -0.0201212 -0.0494321 0.0162389 0.996843 -0.0777222 0.0508399 0.0768088 0.995749 -0.00530666 -0.00435264 0.00332643 1
0.998545 -0.0199176 -0.0501056 0.0160349 0.996923 -0.0767322 0.0514798 0.0758172 0.995792 -0.0052747 -0.00473469 0.00429756 1
0.998554 -0.01952 -0.0500932 0.0156444 0.996937 -0.0766268 0.0514356 0.0757323 0.995801 -0.00547089 -0.00490782 0.00429714 1
0.998542 -0.0197379 -0.0502361 0.0158692 0.996961 -0.0762749 0.0515889 0.0753665 0.995821 -0.00520965 -0.00491163 0.0045614 1
0.998501 -0.0198622 -0.0510059 0.0159857 0.997032 -0.0753154 0.0523504 0.0743872 0.995854 -0.0049259 -0.00514126 0.00558091 1
0.9985 -0.0198318 -0.0510305 0.0159745 0.997062 -0.0749167 0.0523663 0.0739891 0.995883 -0.004884 -0.00525113 0.00587359 1
0.998509 -0.0199185 -0.0508213 0.0160925 0.997083 -0.0746121 0.0521592 0.073683 0.995917 -0.0048139 -0.00526959 0.00598605 1
0.998515 -0.0202811 -0.0505642 0.0164975 0.99711 -0.0741549 0.051922 0.0732106 0.995964 -0.00457256 -0.00520446 0.00622974 1
0.998518 -0.0205749 -0.0503748 0.0168433 0.997159 -0.073412 0.0517422 0.0724548 0.996029 -0.00439508 -0.00522584 0.00673675 1
0.998551 -0.0211313 -0.0494851 0.0174699 0.997158 -0.0732877 0.0508931 0.072317 0.996082 -0.00415591 -0.00491562 0.00647072 1
0.998582 -0.0219802 -0.0484922 0.0183928 0.997146 -0.0732236 0.0499632 0.0722278 0.996136 -0.00373576 -0.00444807 0.00615199 1
0.998586 -0.0235432 -0.047668 0.0200268 0.997135 -0.0729465 0.0492488 0.0718887 0.996196 -0.00278904 -0.0037488 0.00612053 1
0.998567 -0.0252686 -0.0471825 0.0218329 0.997168 -0.0719639 0.0488673 0.0708306 0.996291 -0.00170607 -0.00314204 0.00673444 1
0.998542 -0.0275085 -0.046442 0.0241661 0.99718 -0.0710563 0.0482656 0.0698304 0.996391 -0.000312501 -0.00227463 0.00718553 1
0.998498 -0.0303477 -0.0456082 0.0271118 0.997181 -0.0699652 0.0476029 0.0686236 0.996506 0.00148275 -0.0012115 0.00775251 1
0.998418 -0.0338078 -0.0449194 0.0306906 0.997189 -0.0683587 0.0471042 0.066872 0.996649 0.00371981 -2.35939e-06 0.0087287 1
0.998349 -0.0368871 -0.0440361 0.0339062 0.997202 -0.06662 0.0463703 0.0650169 0.996806 0.00563463 0.0010709 0.0096698 1
0.99827 -0.0402928 -0.0428129 0.0374563 0.997175 -0.0651074 0.0453153 0.0633911 0.996959 0.00772556 0.00236361 0.0103337 1
0.998158 -0.0443593 -0.0413895 0.0416814 0.997114 -0.0634607 0.0440851 0.0616186 0.997126 0.0102519 0.00393867 0.0109896 1
0.997997 -0.0486589 -0.0404306 0.046127 0.997049 -0.0613578 0.0432969 0.0593699 0.997297 0.013025 0.00552053 0.0121512 1
0.997825 -0.0531983 -0.038936 0.0508369 0.996944 -0.059312 0.0419723 0.0572036 0.99748 0.0158704 0.00727601 0.0130615 1
0.997615 -0.0581262 -0.0372281 0.0559386 0.996787 -0.057328 0.0404407 0.0551088 0.997661 0.0189637 0.00925239 0.0138619 1
0.99734 -0.0636941 -0.0354352 0.0616757 0.996557 -0.055403 0.038842 0.0530702 0.997835 0.0224994 0.0115579 0.0145706 1
0.997051 -0.0688894 -0.0338168 0.0670337 0.996329 -0.0532431 0.0373606 0.0508193 0.998009 0.0257985 0.0136561 0.0155208 1
0.99674 -0.0741791 -0.031721 0.0724929 0.996046 -0.0513578 0.0354052 0.0488908 0.998176 0.029094 0.0159423 0.0160789 1
0.996401 -0.0793244 -0.0298889 0.0777848 0.995737 -0.0495649 0.0336932 0.0470616 0.998324 0.0323688 0.0182001 0.0166559 1
0.99604 -0.0843398 -0.0281107 0.0829403 0.995412 -0.0477037 0.0320051 0.0451833 0.998466 0.035582 0.0204094 0.0172908 1
0.995683 -0.0889578 -0.0264795 0.0876885 0.995096 -0.0457573 0.0304202 0.0432378 0.998602 0.0385764 0.0224569 0.0180268 1
0.995378 -0.0928186 -0.0246548 0.0916666 0.994802 -0.0443407 0.0286422 0.0418757 0.998712 0.0410795 0.0243435 0.0182656 1
0.995007 -0.0970199 -0.0233955 0.0959627 0.994468 -0.0427251 0.0274113 0.0402667 0.998813 0.0439442 0.0263334 0.0189166 1
0.994743 -0.0999815 -0.0221551 0.0990164 0.994238 -0.0410602 0.0261327 0.0386507 0.998911 0.0459839 0.027841 0.0196038 1
0.994507 -0.102616 -0.0206515 0.10174 0.994015 -0.0397783 0.0246098 0.0374587 0.998995 0.0478116 0.0293308 0.0198884 1
0.994373 -0.104181 -0.0191957 0.103385 0.993891 -0.0386423 0.0231042 0.0364403 0.999069 0.0489296 0.0304077 0.0200739 1
0.994154 -0.106395 -0.0183906 0.10566 0.993708 -0.037157 0.0222282 0.0349967 0.99914 0.0506318 0.0317212 0.0208333 1
0.993988 -0.108081 -0.0174777 0.107404 0.993567 -0.0358953 0.0212448 0.0338024 0.999203 0.0519909 0.0328769 0.0213675 1
0.993874 -0.109273 -0.0165364 0.108649 0.99347 -0.034816 0.0202328 0.0328061 0.999257 0.0530156 0.0338275 0.0217777 1
0.993712 -0.110749 -0.0164572 0.11015 0.993345 -0.0336508 0.0200745 0.0316264 0.999298 0.0544038 0.0349099 0.0226806 1
0.993447 -0.113099 -0.0164905 0.112516 0.993108 -0.0328019 0.0200868 0.0307315 0.999326 0.0564725 0.0364494 0.0234402 1
0.993219 -0.115066 -0.0166057 0.114492 0.992903 -0.0321704 0.0201896 0.030051 0.999344 0.0583049 0.0378657 0.0240878 1
0.992999 -0.116892 -0.0169847 0.116314 0.992704 -0.0317624 0.0205735 0.0295645 0.999351 0.060107 0.0392535 0.0247437 1
0.992812 -0.118408 -0.0174089 0.117819 0.992531 -0.0316422 0.0210256 0.0293637 0.999348 0.061746 0.0406156 0.0252197 1
0.992606 -0.120011 -0.0181649 0.119405 0.992349 -0.0314117 0.0217957 0.0290104 0.999341 0.0635202 0.0419214 0.0258948 1
0.992486 -0.120908 -0.018792 0.120283 0.992241 -0.0314577 0.0224497 0.028961 0.999328 0.0647828 0.0429925 0.0263547 1
0.992307 -0.122183 -0.0199578 0.121527 0.992093 -0.031332 0.0236282 0.0286655 0.99931 0.0664115 0.0441377 0.0271585 1
0.992343 -0.121731 -0.0209083 0.121047 0.992152 -0.0313435 0.0245597 0.0285726 0.99929 0.0668231 0.0445266 0.0277617 1
0.992188 -0.122733 -0.0223409 0.122006 0.992032 -0.0314061 0.0260175 0.0284351 0.999257 0.0683197 0.0455195 0.028561 1
0.992097 -0.123208 -0.0237429 0.122444 0.99198 -0.0313474 0.0274147 0.0281924 0.999227 0.0694382 0.0462486 0.029446 1
0.992026 -0.12341 -0.0255669 0.122605 0.991972 -0.0309654 0.0291831 0.0275839 0.999193 0.07044 0.0467059 0.0307274 1
0.991993 -0.123458 -0.0266271 0.122617 0.991964 -0.0311914 0.030264 0.0276767 0.999159 0.071194 0.0472535 0.0312669 1
0.991773 -0.124921 -0.0279462 0.124036 0.991779 -0.0314436 0.0316445 0.0277186 0.999115 0.0729596 0.0484168 0.0319032 1
0.991627 -0.125837 -0.0289995 0.124916 0.991662 -0.031662 0.032742 0.0277744 0.999078 0.0742814 0.0492873 0.0324483 1
0.9915 -0.12661 -0.0299694 0.125655 0.991562 -0.0318721 0.0337518 0.0278354 0.999043 0.0754725 0.0500474 0.0329376 1
0.991308 -0.127964 -0.0305642 0.126976 0.991379 -0.032322 0.0344368 0.0281601 0.99901 0.0769835 0.0511219 0.0331063 1
0.991062 -0.129619 -0.0315414 0.128605 0.99117 -0.0323042 0.0354502 0.0279591 0.99898 0.078744 0.0521871 0.0337648 1
0.990915 -0.130571 -0.0322398 0.129545 0.991054 -0.0321024 0.036143 0.0276343 0.998964 0.0799357 0.0528566 0.034395 1
0.990685 -0.132085 -0.0331298 0.131052 0.990871 -0.0316397 0.0370065 0.0270033 0.99895 0.0815368 0.0536839 0.035286 1
0.990467 -0.133548 -0.0337513 0.132507 0.990684 -0.0314023 0.0376306 0.0266306 0.998937 0.0830477 0.0545112 0.0359142 1
0.990218 -0.135111 -0.0348256 0.134069 0.990496 -0.030711 0.038644 0.0257415 0.998921 0.0846688 0.0552184 0.0370305 1
0.990126 -0.135584 -0.0356114 0.134541 0.990447 -0.030216 0.0393681 0.0251265 0.998909 0.0854723 0.0554092 0.0378468 1
0.989952 -0.136613 -0.0364883 0.135565 0.99032 -0.0297927 0.0402052 0.0245468 0.99889 0.0866602 0.055814 0.0386675 1
0.989968 -0.136312 -0.0371948 0.13525 0.990366 -0.0297217 0.0408878 0.0243929 0.998866 0.0868935 0.0556091 0.0391267 1
0.98982 -0.137071 -0.0383049 0.135991 0.99027 -0.0295144 0.0419778 0.0240048 0.99883 0.0878902 0.055815 0.0398676 1
0.989775 -0.137137 -0.0392291 0.136026 0.990259 -0.0297281 0.0429238 0.024088 0.998788 0.088385 0.0557308 0.0402089 1
0.989722 -0.137246 -0.0401675 0.136109 0.990245 -0.0298028 0.043866 0.0240293 0.998748 0.088907 0.0555641 0.0406284 1
0.989856 -0.13605 -0.04094 0.134892 0.990411 -0.0298537 0.0446091 0.0240284 0.998716 0.0884981 0.054698 0.0409075 1
0.989919 -0.135366 -0.0416591 0.134185 0.990503 -0.0299623 0.0453193 0.0240703 0.998683 0.0884157 0.0540759 0.0410959 1
0.990245 -0.132873 -0.0419368 0.131673 0.990833 -0.0302011 0.0455653 0.0243846 0.998664 0.0869927 0.0525636 0.0408839 1
0.990672 -0.129593 -0.0421352 0.128382 0.991262 -0.0302884 0.0456922 0.0245965 0.998653 0.0849615 0.0505881 0.0406649 1
0.991092 -0.126227 -0.0424776 0.124992 0.991687 -0.0305702 0.0459833 0.0249885 0.99863 0.0828265 0.0485881 0.0403292 1
0.991474 -0.123 -0.0430081 0.121735 0.992082 -0.0308904 0.0464671 0.0253915 0.998597 0.0807333 0.0466216 0.0400143 1
0.991939 -0.118975 -0.0436166 0.117683 0.992564 -0.0310938 0.0469917 0.0257102 0.998564 0.0780156 0.0441853 0.0397272 1
0.992309 -0.115506 -0.0445182 0.114175 0.992965 -0.0313744 0.0478289 0.0260503 0.998516 0.0756332 0.0419861 0.0395107 1
0.992572 -0.112757 -0.0456851 0.111391 0.993279 -0.0314312 0.0489221 0.0261089 0.998461 0.0736882 0.0400436 0.0395507 1
0.992829 -0.11001 -0.046784 0.108608 0.993584 -0.0315351 0.049953 0.0262278 0.998407 0.0716432 0.0380804 0.0394896 1
0.993068 -0.107362 -0.047858 0.10593 0.993874 -0.031523 0.0509492 0.0262349 0.998357 0.0695616 0.0361462 0.039427 1
0.993179 -0.105714 -0.0491838 0.10427 0.994064 -0.0310536 0.0521746 0.0257134 0.998307 0.0681096 0.0345401 0.039806 1
0.993332 -0.10377 -0.0502317 0.102342 0.99429 -0.0302168 0.0530805 0.0248745 0.99828 0.0663226 0.0327541 0.040242 1
0.993521 -0.101558 -0.0510049 0.100167 0.994544 -0.0291319 0.0536852 0.0238341 0.998273 0.0642153 0.0308043 0.0406626 1
0.993701 -0.099533 -0.0515001 0.0982226 0.994788 -0.0273852 0.0539574 0.0221543 0.998297 0.0621011 0.0288171 0.041378 1
0.993817 -0.0982201 -0.0517704 0.0970143 0.994961 -0.0253163 0.0539961 0.0201373 0.998338 0.0603816 0.0270874 0.0422415 1
0.994024 -0.0963028 -0.0513952 0.0952164 0.995186 -0.0231891 0.053381 0.0181568 0.998409 0.058064 0.0251162 0.0427997 1
0.994209 -0.0946008 -0.0509774 0.093653 0.99539 -0.0206759 0.0526983 0.015782 0.998486 0.0558167 0.0231851 0.0435978 1
0.994395 -0.0930905 -0.0501207 0.0922844 0.995567 -0.0181687 0.0515899 0.0134415 0.998578 0.0535946 0.0213655 0.0442182 1
0.994597 -0.0913878 -0.0492443 0.0907117 0.995752 -0.0157976 0.0504788 0.0112452 0.998662 0.0511931 0.0195286 0.0447188 1
0.994831 -0.0894659 -0.0480413 0.0889198 0.995949 -0.0133924 0.0490448 0.00905132 0.998756 0.0485427 0.017625 0.0451157 1
0.995042 -0.087701 -0.0469065 0.0872742 0.996123 -0.0110756 0.047696 0.00692697 0.998838 0.0460039 0.0158594 0.0455064 1
0.995294 -0.0856024 -0.0454035 0.0852769 0.996316 -0.00906302 0.0460121 0.0051485 0.998928 0.0431632 0.014039 0.0455407 1
0.99554 -0.0834005 -0.0440958 0.0831656 0.99651 -0.00713718 0.0445372 0.00343808 0.999002 0.0402461 0.0122535 0.0455892 1
0.995787 -0.0811756 -0.042653 0.0810219 0.996698 -0.00532263 0.0429442 0.00184438 0.999076 0.037273 0.0105176 0.0455437 1
0.996046 -0.0787264 -0.0411767 0.0786421 0.996896 -0.00366547 0.0413374 0.000412755 0.999145 0.03409 0.00876507 0.0453432 1
0.996294 -0.0763184 -0.0396819 0.0762971 0.997083 -0.00205466 0.039723 -0.000980573 0.99921 0.0308701 0.00710053 0.0451082 1
0.996455 -0.074882 -0.0383379 0.0749205 0.997189 -0.000433622 0.0382626 -0.00244021 0.999265 0.0282975 0.00590577 0.0449636 1
0.996633 -0.0733331 -0.0366828 0.0734311 0.997299 0.00133018 0.0364862 -0.00401936 0.999326 0.0255476 0.00468317 0.0447972 1
0.996793 -0.0720574 -0.0348065 0.0722069 0.997385 0.00305738 0.0344952 -0.00556085 0.999389 0.0229244 0.00365904 0.0445103 1
0.996909 -0.0712253 -0.0331618 0.0714317 0.997433 0.00507923 0.0327149 -0.00743233 0.999437 0.0206323 0.00283962 0.0445639 1
0.996966 -0.0712868 -0.0312475 0.0715459 0.997411 0.00725101 0.0306497 -0.00946464 0.999485 0.0189328 0.00241481 0.0446389 1
0.997072 -0.070897 -0.0286455 0.0711816 0.997422 0.00904056 0.0279307 -0.0110531 0.999549 0.0168241 0.00200837 0.0441786 1
0.997162 -0.0706084 -0.0261261 0.0709189 0.99742 0.0111527 0.0252713 -0.0129739 0.999596 0.0148303 0.00165982 0.0440101 1
0.997238 -0.0705304 -0.023284 0.0708522 0.997398 0.0133008 0.0222854 -0.0149137 0.99964 0.0129636 0.0014794 0.0437711 1
0.997327 -0.0702937 -0.0199383 0.0706055 0.997386 0.0153854 0.0188047 -0.016752 0.999683 0.010951 0.0013523 0.0433219 1
0.997378 -0.0703168 -0.0171091 0.070609 0.997357 0.0171191 0.0158601 -0.0182822 0.999707 0.00930633 0.00150958 0.0428894 1
0.997425 -0.0702716 -0.0143506 0.0705375 0.997329 0.0189459 0.012981 -0.0199094 0.999718 0.0076765 0.00167351 0.0426032 1
0.997388 -0.0712605 -0.0118064 0.0714895 0.997235 0.0202668 0.0103295 -0.0210579 0.999725 0.00687932 0.00245356 0.0421116 1
0.997361 -0.0719561 -0.00962478 0.0721487 0.997164 0.0214327 0.00805527 -0.0220705 0.999724 0.00597221 0.00322136 0.0417137 1
0.997227 -0.0740262 -0.00763934 0.0741782 0.997002 0.0220213 0.00598628 -0.0225269 0.999728 0.00609757 0.00472062 0.041026 1
0.997064 -0.0763689 -0.0056062 0.0764769 0.996815 0.0225904 0.00386314 -0.0229528 0.999729 0.00636205 0.00640204 0.0403421 1
0.996729 -0.0807101 -0.00422095 0.0807869 0.996459 0.0233025 0.00232526 -0.0235672 0.99972 0.00811306 0.0089105 0.0400312 1
0.996183 -0.0872338 -0.00313387 0.087284 0.995893 0.0240609 0.00102207 -0.0242426 0.999706 0.0113715 0.0124065 0.0398705 1
0.995355 -0.0962358 -0.0025074 0.0962685 0.995036 0.0252096 6.88826e-05 -0.0253339 0.999679 0.0163253 0.0169263 0.0401587 1
0.994237 -0.107179 -0.00233281 0.107203 0.993874 0.0268514 -0.000559402 -0.0269467 0.999637 0.0226131 0.0222625 0.0409591 1
0.992804 -0.119724 -0.00253926 0.119747 0.992388 0.0287582 -0.000923108 -0.0288554 0.999583 0.0299915 0.0283154 0.0420783 1
0.991058 -0.133392 -0.0032034 0.133427 0.990581 0.0307562 -0.000929399 -0.0309086 0.999522 0.0381716 0.0349196 0.0434441 1
0.988973 -0.148034 -0.00434378 0.148097 0.988436 0.0325864 -0.000530341 -0.0328704 0.999459 0.0470674 0.042024 0.0448925 1
0.986666 -0.162658 -0.0057484 0.16276 0.986079 0.0340247 0.00013397 -0.0345066 0.999404 0.0560158 0.0492166 0.0461986 1
0.984218 -0.176813 -0.00727845 0.17696 0.983597 0.0349512 0.000979249 -0.0356876 0.999363 0.0646658 0.056253 0.0472469 1
0.981581 -0.190852 -0.00857601 0.191037 0.980947 0.0353145 0.00167278 -0.0363024 0.999339 0.0732089 0.0633033 0.0478218 1
0.978905 -0.20408 -0.00979255 0.204301 0.978273 0.0352586 0.00238422 -0.0365154 0.99933 0.081206 0.069998 0.0481174 1
0.976287 -0.216229 -0.0104385 0.216464 0.975668 0.034852 0.00264849 -0.0362852 0.999338 0.0884046 0.0761605 0.0479181 1
0.973785 -0.227228 -0.010494 0.227457 0.973185 0.0342749 0.00242443 -0.0357633 0.999357 0.0947755 0.0817239 0.0473227 1
0.97112 -0.238365 -0.010348 0.238581 0.970543 0.0335473 0.00204668 -0.0350473 0.999384 0.101238 0.0874277 0.0465397 1
0.968529 -0.248713 -0.00962774 0.248897 0.967968 0.0329944 0.0011132 -0.0343523 0.999409 0.107114 0.0927406 0.0455857 1
0.965948 -0.258592 -0.00869191 0.258738 0.965399 0.0325631 -2.94054e-05 -0.0337032 0.999432 0.112708 0.0979164 0.0446059 1
0.963858 -0.266317 -0.00723446 0.26641 0.963307 0.0326513 -0.00172658 -0.0333986 0.999441 0.116912 0.101986 0.0437017 1
0.961776 -0.273786 -0.00523213 0.273807 0.961223 0.0328723 -0.00397072 -0.0330484 0.999446 0.120937 0.106118 0.0426188 1
0.96024 -0.279153 -0.00353801 0.279112 0.959675 0.0334749 -0.00594929 -0.0331314 0.999433 0.123824 0.109179 0.0419658 1
0.958867 -0.283846 -0.00240731 0.283754 0.958263 0.0348735 -0.00759186 -0.0341222 0.999389 0.126508 0.111921 0.0421194 1
0.958057 -0.286575 -0.00108909 0.286424 0.957414 0.036328 -0.00936799 -0.0351162 0.999339 0.128046 0.113705 0.042242 1
0.957395 -0.288782 -0.000250672 0.288585 0.956709 0.0377804 -0.0106705 -0.0362431 0.999286 0.129466 0.115347 0.0426564 1
0.957231 -0.289326 -0.000150335 0.28911 0.956497 0.0391 -0.0111689 -0.0374712 0.999235 0.130104 0.116179 0.043449 1
0.957607 -0.288077 0.000120028 0.28784 0.956837 0.0401409 -0.0116785 -0.0384046 0.999194 0.129675 0.116119 0.0440479 1
0.958524 -0.285012 0.000539161 0.28476 0.957753 0.0402547 -0.0119894 -0.0384315 0.999189 0.128169 0.115255 0.0440884 1
0.959543 -0.28156 0.00123612 0.281287 0.958789 0.0400216 -0.0124536 -0.0380547 0.999198 0.126392 0.114237 0.0438116 1
0.960607 -0.277906 0.0013722 0.277641 0.959885 0.0391954 -0.0122098 -0.0372704 0.999231 0.124607 0.11318 0.0434778 1
0.961672 -0.274198 0.00188007 0.273932 0.960999 0.0379877 -0.0122229 -0.0360167 0.999276 0.122695 0.112098 0.0427019 1
0.962622 -0.27084 0.00236227 0.270573 0.961996 0.0367927 -0.0122374 -0.0347783 0.99932 0.120969 0.111128 0.041929 1
0.963593 -0.267357 0.00308366 0.267084 0.96302 0.0354779 -0.0124549 -0.0333626 0.999366 0.119054 0.109982 0.0409334 1
0.964533 -0.263939 0.0036038 0.263666 0.964004 0.0343051 -0.0125285 -0.0321382 0.999405 0.117162 0.108697 0.0400939 1
0.965324 -0.261012 0.004735 0.260719 0.964843 0.0332239 -0.0132404 -0.0308373 0.999437 0.115403 0.107502 0.0389689 1
0.966146 -0.257935 0.00556758 0.257628 0.965698 0.0324917 -0.0137574 -0.0299574 0.999456 0.113544 0.105953 0.0381788 1
0.966616 -0.256145 0.00663796 0.255819 0.966206 0.0316786 -0.014528 -0.0289229 0.999476 0.112402 0.104931 0.0371531 1
0.967094 -0.25431 0.00750552 0.253969 0.966714 0.0310571 -0.0151538 -0.0281289 0.999489 0.111228 0.103635 0.036313 1
0.967195 -0.253903 0.00820219 0.25355 0.966839 0.0305729 -0.0156927 -0.0274903 0.999499 0.110966 0.102913 0.0355907 1
0.967473 -0.252809 0.00914594 0.252434 0.967137 0.0303914 -0.0165286 -0.0270941 0.999496 0.110188 0.10165 0.0348932 1
0.967309 -0.25341 0.00978177 0.253023 0.966993 0.0300608 -0.0170766 -0.026603 0.9995 0.110527 0.101226 0.0342393 1
0.967178 -0.253903 0.00998888 0.253512 0.966868 0.0299735 -0.0172683 -0.0264574 0.999501 0.110867 0.100645 0.0339522 1
0.966833 -0.255194 0.0104969 0.254793 0.966538 0.0297639 -0.0177412 -0.0261021 0.999502 0.111651 0.10054 0.0334012 1
0.966836 -0.255179 0.0105857 0.254778 0.966546 0.0296138 -0.0177884 -0.0259347 0.999505 0.111678 0.0997659 0.0331391 1
0.966712 -0.255667 0.0101416 0.255286 0.966426 0.0291421 -0.0172518 -0.025583 0.999524 0.11215 0.0993715 0.0329743 1
0.967177 -0.253904 0.0100693 0.253527 0.966894 0.0289927 -0.0170973 -0.0254882 0.999529 0.111124 0.0977774 0.0328336 1
0.967471 -0.252788 0.00990144 0.252426 0.967198 0.0284359 -0.0167649 -0.0250115 0.999547 0.110536 0.0966717 0.032484 1
0.967968 -0.250896 0.00943171 0.250557 0.967704 0.0277678 -0.0160939 -0.0245152 0.99957 0.109519 0.0952292 0.0322594 1
0.968508 -0.248803 0.00941812 0.248479 0.968264 0.0268793 -0.0158069 -0.0236926 0.999594 0.108302 0.0937648 0.031647 1
0.969158 -0.24625 0.00962998 0.245937 0.968939 0.025922 -0.0157142 -0.0227542 0.999618 0.106733 0.0921286 0.0309119 1
0.969628 -0.244383 0.00992879 0.244081 0.969437 0.0248296 -0.0156933 -0.021652 0.999642 0.105586 0.0909128 0.0300259 1
0.970451 -0.241069 0.0105287 0.24077 0.970289 0.0238738 -0.0159711 -0.0206334 0.99966 0.103432 0.0889613 0.0291295 1
0.971556 -0.236536 0.011377 0.236231 0.97142 0.0231912 -0.0165374 -0.019844 0.999666 0.100426 0.0863988 0.0282882 1
0.972349 -0.23322 0.0120664 0.232914 0.972236 0.0225308 -0.016986 -0.0190973 0.999673 0.0981838 0.0845387 0.0275428 1
0.973208 -0.229589 0.0124123 0.229287 0.973112 0.02193 -0.0171135 -0.0184965 0.999682 0.0957811 0.0825506 0.0270033 1
0.973889 -0.226687 0.0123901 0.226396 0.973803 0.0212748 -0.0168882 -0.0179142 0.999697 0.0938651 0.0810356 0.0266295 1
0.974408 -0.224427 0.0126846 0.224142 0.974339 0.0205967 -0.0169815 -0.0172264 0.999707 0.0922656 0.079902 0.0260217 1
0.974535 -0.22387 0.0127864 0.223598 0.974481 0.0197669 -0.0168853 -0.0164045 0.999723 0.0917407 0.0796763 0.0254106 1
0.974676 -0.223259 0.0127371 0.222999 0.974632 0.0190765 -0.016673 -0.015753 0.999737 0.0911738 0.0794241 0.0249689 1
0.974571 -0.223725 0.0125688 0.223477 0.974532 0.0185807 -0.0164057 -0.0152994 0.999748 0.0913056 0.0797052 0.024697 1
0.974466 -0.224185 0.0125477 0.223944 0.974433 0.0181294 -0.0162912 -0.0148565 0.999757 0.0914052 0.0799787 0.0243881 1
0.974354 -0.224696 0.012063 0.224467 0.974318 0.0178654 -0.0157674 -0.0146995 0.999768 0.0916441 0.0802483 0.0244521 1
0.973977 -0.226355 0.0115347 0.226137 0.973936 0.0176312 -0.015225 -0.014564 0.999778 0.0926846 0.0811074 0.0245282 1
0.97379 -0.227176 0.0111082 0.226966 0.973746 0.0174638 -0.0147839 -0.0144849 0.999786 0.0932188 0.0815113 0.024617 1
0.973711 -0.227513 0.0111884 0.227305 0.973671 0.0172455 -0.0148174 -0.0142489 0.999789 0.0933904 0.0816728 0.0244239 1
0.973666 -0.2277 0.0112861 0.227496 0.973632 0.016923 -0.0148419 -0.0139098 0.999793 0.0935247 0.0818008 0.0241586 1
0.97362 -0.227889 0.0114279 0.227688 0.973593 0.0165759 -0.0149036 -0.0135367 0.999797 0.0937059 0.0819538 0.023858 1
0.973868 -0.22683 0.0113711 0.226634 0.973844 0.0162634 -0.0147627 -0.0132613 0.999803 0.0931793 0.0814801 0.023712 1
0.974132 -0.225695 0.0113528 0.225505 0.974112 0.0159324 -0.0146548 -0.0129601 0.999809 0.0926315 0.0809898 0.023527 1
0.974202 -0.225411 0.0109874 0.225231 0.974181 0.0155598 -0.0142111 -0.0126837 0.999819 0.0927178 0.0809741 0.0234741 1
0.974318 -0.224935 0.0104652 0.224766 0.974294 0.0151942 -0.0136139 -0.0124518 0.99983 0.0927263 0.0808814 0.0234994 1
0.974616 -0.223645 0.0102938 0.223484 0.974595 0.0148154 -0.0133456 -0.0121389 0.999837 0.0921481 0.0803999 0.0233352 1
0.974844 -0.222661 0.010095 0.222507 0.974824 0.0144734 -0.0130635 -0.0118631 0.999844 0.0917703 0.080077 0.0231886 1
0.975022 -0.221896 0.00971954 0.221751 0.975001 0.0141159 -0.0126088 -0.011608 0.999853 0.0915615 0.0798679 0.023114 1
0.9755 -0.219794 0.00950797 0.219653 0.975478 0.0139586 -0.0123428 -0.0115282 0.999857 0.0904665 0.0789244 0.0230805 1
0.975896 -0.218049 0.00901816 0.217912 0.975867 0.0140774 -0.0118701 -0.0117729 0.99986 0.089635 0.0780741 0.0233681 1
0.976113 -0.217097 0.00849032 0.216964 0.976074 0.0143713 -0.0114072 -0.012186 0.999861 0.0892918 0.0775718 0.0237702 1
0.976191 -0.21678 0.00756447 0.216654 0.976138 0.0147106 -0.0105729 -0.0127215 0.999863 0.0894257 0.0773565 0.0243958 1
0.976395 -0.215874 0.00710075 0.21575 0.976332 0.0151088 -0.0101943 -0.0132201 0.999861 0.0890639 0.0768114 0.0248297 1
0.97652 -0.215314 0.00697327 0.215193 0.976457 0.0149337 -0.0100245 -0.0130825 0.999864 0.0888342 0.0765523 0.0247285 1
0.976402 -0.215854 0.00685684 0.215735 0.976338 0.0149465 -0.00992084 -0.0131145 0.999865 0.0893058 0.0768019 0.0247107 1
0.97639 -0.215909 0.00670663 0.215795 0.976328 0.0146942 -0.00972048 -0.0129 0.99987 0.0894716 0.0768199 0.0245455 1
0.976394 -0.215887 0.00683252 0.21577 0.976333 0.0147539 -0.00985599 -0.0129313 0.999868 0.0895232 0.076726 0.024439 1
0.976161 -0.216954 0.0064016 0.216842 0.976094 0.0148557 -0.00947157 -0.0131134 0.999869 0.0904046 0.0771646 0.024635 1
0.976006 -0.217666 0.00587015 0.217556 0.975926 0.015435 -0.0090885 -0.0137875 0.999864 0.0910879 0.0772988 0.0251956 1
0.975872 -0.21828 0.00529591 0.218176 0.975785 0.0155585 -0.00856377 -0.0140276 0.999865 0.0917395 0.0774703 0.0254885 1
0.975947 -0.217961 0.00451501 0.217865 0.975848 0.0160007 -0.0078935 -0.0146322 0.999862 0.0918422 0.0771032 0.0261408 1
0.975953 -0.217945 0.00399436 0.217856 0.975848 0.016115 -0.00741007 -0.0148572 0.999862 0.0921035 0.0769271 0.0264496 1
0.976293 -0.21642 0.00388841 0.216333 0.976189 0.0159961 -0.00725768 -0.0147756 0.999864 0.09133 0.0760597 0.0264213 1
0.976556 -0.21522 0.00428356 0.21513 0.976459 0.0156946 -0.00756052 -0.0144052 0.999868 0.0906925 0.0754292 0.0260122 1
0.977321 -0.211703 0.00496077 0.211605 0.977232 0.0155101 -0.00813136 -0.0141086 0.999867 0.0885129 0.0735565 0.025589 1
0.977822 -0.209362 0.00563221 0.209258 0.977743 0.0151463 -0.00867793 -0.0136318 0.999869 0.0871406 0.0723198 0.0250134 1
0.978366 -0.206786 0.00621488 0.206677 0.978297 0.0148282 -0.00914626 -0.013223 0.999871 0.0856258 0.0709696 0.0245424 1
0.978655 -0.205403 0.0066777 0.20529 0.978592 0.0146282 -0.00953942 -0.0129451 0.999871 0.0849258 0.070174 0.0241885 1
0.978932 -0.204079 0.00657342 0.203969 0.978871 0.0144154 -0.0093764 -0.0127709 0.999874 0.0843982 0.0693847 0.0241239 1
0.978975 -0.203889 0.00609384 0.203788 0.978912 0.0141803 -0.00885655 -0.0126404 0.999881 0.084705 0.0692201 0.0242089 1
0.978926 -0.204136 0.00572146 0.20404 0.978861 0.0140872 -0.00847622 -0.0126229 0.999884 0.0852564 0.0692209 0.0243352 1
0.978963 -0.203962 0.00551384 0.203873 0.978903 0.0136188 -0.00817522 -0.0122082 0.999892 0.0855604 0.0690964 0.0241012 1
0.979297 -0.202367 0.0050718 0.202286 0.979237 0.0132107 -0.00763991 -0.0119113 0.9999 0.0849866 0.0682281 0.0240627 1
0.979553 -0.20113 0.0047596 0.201056 0.979495 0.0128605 -0.00724864 -0.0116406 0.999906 0.0846368 0.0674692 0.0239661 1
0.979667 -0.200577 0.00456479 0.200505 0.979609 0.0127856 -0.00703621 -0.0116104 0.999908 0.0847018 0.066928 0.0239651 1
0.979885 -0.199524 0.00402959 0.199458 0.979822 0.012902 -0.00652253 -0.0118387 0.999909 0.0845225 0.0660416 0.024233 1
0.980181 -0.198072 0.00349382 0.198009 0.980108 0.0134494 -0.00608827 -0.012491 0.999903 0.0840885 0.0647972 0.0247702 1
0.979974 -0.199099 0.00335221 0.199035 0.979893 0.0139477 -0.00606179 -0.0130012 0.999897 0.085267 0.0647249 0.024972 1
0.979923 -0.199354 0.00303036 0.199289 0.979828 0.0148948 -0.00593858 -0.0139919 0.999884 0.0860129 0.0641464 0.0255626 1
0.98024 -0.197781 0.00358911 0.197701 0.980133 0.0159025 -0.00666302 -0.0148787 0.999867 0.0854732 0.0626162 0.025737 1
0.981021 -0.193836 0.00506734 0.193725 0.980906 0.0171437 -0.00829366 -0.0158367 0.99984 0.083277 0.0598739 0.0256125 1
0.981993 -0.188779 0.00727001 0.188616 0.98187 0.0188388 -0.0106946 -0.0171283 0.999796 0.0802679 0.0564925 0.0254299 1
0.983596 -0.180067 0.0107171 0.179817 0.983478 0.0209054 -0.0143044 -0.0186353 0.999724 0.0745781 0.0513581 0.0250308 1
0.985387 -0.169708 0.0145815 0.169344 0.985281 0.0233369 -0.0183273 -0.0205266 0.999621 0.067665 0.0454331 0.0246992 1
0.987143 -0.158705 0.019007 0.158199 0.987072 0.0257268 -0.0228442 -0.0223892 0.999488 0.0601224 0.0393872 0.0242269 1
0.988796 -0.147455 0.0232435 0.146795 0.988772 0.027935 -0.0271017 -0.02421 0.999339 0.0523436 0.0334332 0.0238431 1
0.990256 -0.136668 0.0267425 0.135858 0.990271 0.0300891 -0.0305946 -0.0261627 0.999189 0.0448915 0.0278397 0.0238476 1
0.991532 -0.126577 0.0290133 0.125646 0.991562 0.0319122 -0.0328078 -0.0279966 0.999069 0.0380564 0.0227524 0.0242276 1
0.992628 -0.117228 0.0307881 0.116201 0.992669 0.0332593 -0.0344613 -0.0294365 0.998972 0.0317565 0.018241 0.024632 1
0.993618 -0.108361 0.0313183 0.107285 0.993639 0.0342228 -0.0348275 -0.0306444 0.998923 0.0259744 0.0140854 0.0253517 1
0.994408 -0.100925 0.0311005 0.0998337 0.994393 0.0348567 -0.0344441 -0.0315569 0.998908 0.021269 0.0106724 0.0261936 1
0.995127 -0.0938421 0.0302718 0.0927743 0.995074 0.0349384 -0.0334014 -0.0319597 0.998931 0.0168662 0.00763816 0.0269897 1
0.995653 -0.0884742 0.0291058 0.0874465 0.995559 0.0348697 -0.0320616 -0.0321729 0.998968 0.0136484 0.0054223 0.0278303 1
0.99594 -0.0857737 0.0273157 0.0848071 0.995791 0.0347707 -0.0301832 -0.032313 0.999022 0.0122859 0.00436305 0.0288124 1
0.996035 -0.0853795 0.0250106 0.084487 0.995817 0.034798 -0.027877 -0.032547 0.999081 0.0125223 0.00427717 0.0300411 1
0.995876 -0.0879513 0.0222672 0.0871468 0.995586 0.0348351 -0.0252327 -0.0327509 0.999145 0.0148057 0.00545104 0.0313911 1
0.99559 -0.0917946 0.0193452 0.0910808 0.995228 0.0350144 -0.022467 -0.033098 0.9992 0.0179354 0.00714114 0.032886 1
0.995132 -0.0972146 0.0161737 0.0965963 0.994694 0.0354071 -0.01953 -0.0336724 0.999242 0.0221586 0.00943433 0.0345746 1
0.994575 -0.103199 0.0130974 0.102675 0.99407 0.035817 -0.016716 -0.0342779 0.999273 0.0267535 0.0119804 0.03628 1
0.99394 -0.109437 0.0103346 0.108997 0.993378 0.0363213 -0.014241 -0.0349748 0.999287 0.031465 0.0146119 0.0379185 1
0.993281 -0.11544 0.00818484 0.115067 0.992676 0.036796 -0.0123726 -0.035607 0.999289 0.0359172 0.0171306 0.0392789 1
0.992634 -0.120988 0.00636088 0.120671 0.991994 0.0372282 -0.0108141 -0.0361864 0.999287 0.0399996 0.0194629 0.0404628 1
0.991932 -0.126676 0.00480296 0.12641 0.991268 0.037526 -0.00951468 -0.0366162 0.999284 0.0441311 0.0219001 0.0414296 1
0.991385 -0.130923 0.0038088 0.130687 0.990698 0.0379136 -0.00873715 -0.0370892 0.999274 0.0471769 0.0236724 0.0421963 1
0.990761 -0.135581 0.00318051 0.135362 0.990057 0.0382666 -0.00833711 -0.0374825 0.999263 0.0504308 0.0256762 0.0427461 1
0.990165 -0.139883 0.00233668 0.139684 0.989416 0.0393019 -0.00780961 -0.038589 0.999225 0.0534741 0.0274219 0.0438006 1
0.989447 -0.144879 0.0021166 0.144676 0.988653 0.0404167 -0.00794809 -0.0396839 0.999181 0.0568741 0.0295038 0.0445938 1
0.988932 -0.148349 0.00234714 0.148122 0.988081 0.0418939 -0.00853407 -0.0410825 0.999119 0.059154 0.0308858 0.0454474 1
0.988374 -0.15202 0.00253285 0.151768 0.987458 0.0435175 -0.00911662 -0.0426271 0.999049 0.0615716 0.0324176 0.0463962 1
0.987951 -0.154743 0.00260589 0.154466 0.98695 0.0454958 -0.00961204 -0.0445451 0.998961 0.0633636 0.0334958 0.0476327 1
0.987681 -0.156445 0.00327427 0.156118 0.986608 0.0472381 -0.0106206 -0.046145 0.998878 0.0643255 0.0342172 0.0485103 1
0.987336 -0.158607 0.00327506 0.158257 0.986173 0.0491586 -0.0110267 -0.0480178 0.998786 0.0657227 0.0351518 0.0497549 1
0.986978 -0.160831 0.00283059 0.160478 0.985713 0.0511519 -0.011017 -0.0500315 0.998687 0.0672455 0.0361106 0.051226 1
0.986675 -0.162688 0.00230603 0.162339 0.98531 0.0530096 -0.0108962 -0.0519289 0.998591 0.0685342 0.0369329 0.0526555 1
0.986366 -0.164558 0.00164667 0.164224 0.984912 0.0545711 -0.0106019 -0.0535567 0.998509 0.0698603 0.0378118 0.0539589 1
0.9862 -0.165556 0.000970531 0.165243 0.984661 0.0560164 -0.0102295 -0.055083 0.998429 0.070627 0.038279 0.0551801 1
0.986224 -0.165413 0.000496952 0.165114 0.984616 0.0571696 -0.00994589 -0.0563 0.998364 0.0705926 0.0382365 0.0562016 1
0.986295 -0.164991 -2.63465e-05 0.164714 0.984627 0.0581373 -0.00956621 -0.0573448 0.998309 0.0703976 0.0380485 0.0571392 1
0.986326 -0.164806 -0.000606148 0.164553 0.984594 0.0591281 -0.00914785 -0.0584193 0.99825 0.0704178 0.0379023 0.058119 1
0.986513 -0.163681 -0.000774564 0.163432 0.984731 0.0599612 -0.00905175 -0.0592791 0.9982 0.0697388 0.0372844 0.0588651 1
