NO_OF_FRAMES	31535
FREQUENCY	100
DATA_INCLUDED	6DOF(row-major-order)
ORDER	R11 R12 R13 R21 R22 R23 R31 R32 R33 Tx Ty Tz RMS
SOURCE_FILE	/afs/inf.ed.ac.uk/group/cstr/projects/galatea/DB/MotionCapture/Recordings_October_2014/Markers/Ella/CSTR/Ella_01_n.tsv.gz,Head/Ella_01_n.dof.gz
RIGID_BODY_MARKERS	 1 2 3 4
PROGRAM_NAME	EstimateRigidBodyWithSegment,nm-head-orientation
REFERENCE_FRAME	3
SEGMENT_HALF_WIDTH	2
SEGMENT_WINDOW_TYPE	rectangle
REFERENCE_MARKER_1	-0.194349 0.796657 0.220526
REFERENCE_MARKER_2	-0.198297 0.752726 0.0738792
REFERENCE_MARKER_3	-0.164412 0.776988 0.153607
REFERENCE_MARKER_4	-0.236477 0.755598 0.284668
REFERENCE_CENTRE	-0.198384 0.770492 0.18317
NOTES	Normalised_Head_Orientation
END_OF_HEADER
0.980781 0.158933 -0.113175 -0.162313 0.986511 -0.021244 0.108272 0.0392056 0.993348 0 0 0 1
0.980781 0.158933 -0.113175 -0.162313 0.986511 -0.021244 0.108272 0.0392056 0.993348 0 0 0 1
0.980781 0.158933 -0.113175 -0.162313 0.986511 -0.021244 0.108272 0.0392056 0.993348 -8.16971e-16 3.6675e-16 -2.52885e-16 1
0.980798 0.158822 -0.113181 -0.162208 0.986527 -0.0213041 0.108272 0.0392538 0.993346 6.30195e-05 3.5083e-05 -2.82078e-05 1
0.980811 0.158755 -0.113168 -0.162148 0.986535 -0.0213848 0.108249 0.0393245 0.993346 9.10155e-05 6.75903e-05 -8.25656e-05 1
0.980816 0.158688 -0.113214 -0.162089 0.986543 -0.0214407 0.108288 0.0393801 0.993339 0.000127729 9.28709e-05 -0.000108439 1
0.980815 0.158652 -0.113272 -0.162062 0.986546 -0.0214982 0.108338 0.0394429 0.993331 0.000142808 0.000116139 -0.000134834 1
0.980808 0.158644 -0.113343 -0.162061 0.986546 -0.0215377 0.108402 0.0394929 0.993322 0.000140058 0.000130372 -0.000150836 1
0.980798 0.158657 -0.113416 -0.162079 0.986542 -0.0215572 0.10847 0.0395257 0.993314 0.00012277 0.000136514 -0.00015407 1
0.980793 0.158617 -0.113515 -0.162038 0.98655 -0.0215206 0.108574 0.039501 0.993303 0.000158188 0.000133315 -0.000102234 1
0.980783 0.158625 -0.113591 -0.162045 0.98655 -0.0214781 0.108656 0.0394722 0.993295 0.000152847 0.00012318 -5.62092e-05 1
0.980775 0.158646 -0.113628 -0.162061 0.986548 -0.0214187 0.108701 0.0394216 0.993292 0.000137432 0.000103592 -7.06063e-06 1
0.980763 0.158681 -0.113681 -0.162092 0.986544 -0.0213569 0.108762 0.0393728 0.993288 0.000115629 8.1954e-05 4.69142e-05 1
0.98075 0.158744 -0.113711 -0.162153 0.986535 -0.0213237 0.108795 0.0393518 0.993285 7.04986e-05 6.18306e-05 7.30104e-05 1
0.980734 0.158819 -0.113745 -0.162226 0.986524 -0.0212909 0.108831 0.0393331 0.993282 1.61839e-05 4.00623e-05 9.97546e-05 1
0.98072 0.158899 -0.113749 -0.162308 0.98651 -0.0213021 0.10883 0.0393538 0.993281 -4.41051e-05 2.70648e-05 8.85801e-05 1
0.980706 0.158991 -0.113743 -0.162402 0.986495 -0.0213132 0.108818 0.0393739 0.993282 -0.000116711 1.36656e-05 7.52483e-05 1
0.980697 0.159055 -0.11373 -0.162466 0.986484 -0.0213167 0.108802 0.0393825 0.993283 -0.000168162 -4.17864e-07 6.86769e-05 1
0.980704 0.159055 -0.113672 -0.162462 0.986485 -0.021302 0.108747 0.0393583 0.99329 -0.000171142 -1.273e-05 7.84337e-05 1
0.9807 0.159143 -0.113582 -0.162551 0.986469 -0.0213406 0.108649 0.0393916 0.993299 -0.000249815 -2.07063e-05 3.12931e-05 1
0.980714 0.159144 -0.113463 -0.162547 0.98647 -0.0213402 0.108532 0.0393717 0.993313 -0.000257924 -3.25758e-05 2.13405e-05 1
0.980712 0.159228 -0.113358 -0.162633 0.986455 -0.0213936 0.108416 0.0394167 0.993324 -0.000331201 -4.09863e-05 -3.45328e-05 1
0.9807 0.15937 -0.11326 -0.16278 0.986429 -0.0214626 0.108302 0.0394848 0.993334 -0.000447673 -4.99986e-05 -0.000108555 1
0.980684 0.159517 -0.113197 -0.162934 0.986402 -0.0215504 0.10822 0.0395779 0.993339 -0.000560659 -5.52369e-05 -0.000193646 1
0.980668 0.159623 -0.113184 -0.163044 0.986383 -0.0215815 0.108198 0.0396184 0.99334 -0.00063406 -6.89819e-05 -0.00022501 1
0.980639 0.159797 -0.113191 -0.163224 0.986352 -0.0216192 0.108192 0.0396762 0.993338 -0.000759552 -8.59198e-05 -0.000271271 1
0.980625 0.159867 -0.113217 -0.163292 0.986341 -0.0216012 0.108217 0.0396702 0.993335 -0.000794112 -0.000101606 -0.00026165 1
0.980617 0.159898 -0.113238 -0.163323 0.986336 -0.0215848 0.10824 0.0396609 0.993333 -0.000801286 -0.000113995 -0.000250972 1
0.980606 0.159938 -0.113277 -0.163358 0.986332 -0.0215241 0.108286 0.0396114 0.99333 -0.000812275 -0.000134767 -0.000207153 1
0.980585 0.160021 -0.113343 -0.163438 0.98632 -0.0214626 0.108358 0.0395704 0.993324 -0.000853592 -0.000156517 -0.0001647 1
0.980578 0.160035 -0.113386 -0.163444 0.986321 -0.0213775 0.108414 0.0394946 0.993321 -0.000841103 -0.00017746 -9.77059e-05 1
0.980564 0.160085 -0.113431 -0.163484 0.986317 -0.0212726 0.108473 0.0394033 0.993318 -0.000857423 -0.000207512 -2.17069e-05 1
0.980557 0.16013 -0.113429 -0.163521 0.986312 -0.0211913 0.108483 0.0393273 0.99332 -0.000872106 -0.000232679 3.63347e-05 1
0.980555 0.160126 -0.113449 -0.163507 0.986316 -0.0210988 0.108519 0.0392384 0.99332 -0.000843801 -0.00025669 0.000107434 1
0.980567 0.160086 -0.113405 -0.163465 0.986323 -0.0210985 0.108477 0.0392263 0.993325 -0.000793347 -0.000260981 0.000109114 1
0.980569 0.160078 -0.113396 -0.163461 0.986323 -0.0211319 0.108462 0.0392571 0.993325 -0.00076475 -0.000259657 8.41175e-05 1
0.980581 0.16002 -0.11338 -0.16341 0.98633 -0.0212026 0.108437 0.0393182 0.993325 -0.000696818 -0.00024696 3.60366e-05 1
0.980583 0.159994 -0.113394 -0.163397 0.98633 -0.0213153 0.108433 0.0394296 0.993321 -0.000652068 -0.0002276 -4.52701e-05 1
0.980584 0.160035 -0.113333 -0.163454 0.986317 -0.0214858 0.108344 0.0395934 0.993325 -0.000666936 -0.000206107 -0.000184173 1
0.980585 0.160056 -0.113292 -0.163481 0.986311 -0.0215621 0.10829 0.0396646 0.993328 -0.000658386 -0.000204838 -0.000249831 1
0.980578 0.160151 -0.113221 -0.163586 0.986291 -0.0216693 0.108198 0.0397698 0.993334 -0.000709613 -0.000204226 -0.000347628 1
0.980556 0.160335 -0.113153 -0.163777 0.986258 -0.0217454 0.108111 0.0398544 0.99334 -0.000826163 -0.000219074 -0.000427983 1
0.980529 0.160561 -0.113065 -0.164005 0.986219 -0.0217884 0.108008 0.0399074 0.993349 -0.000971415 -0.00024771 -0.000490748 1
0.980482 0.160855 -0.113051 -0.164302 0.986169 -0.0217958 0.107981 0.0399449 0.99335 -0.00115873 -0.000287039 -0.000519826 1
0.98043 0.161173 -0.113053 -0.164624 0.986115 -0.0218245 0.107966 0.0400086 0.993349 -0.00135951 -0.000323782 -0.000567984 1
0.980362 0.16154 -0.113116 -0.164995 0.986053 -0.0218234 0.108013 0.0400585 0.993342 -0.00158713 -0.000373992 -0.000591267 1
0.980288 0.161938 -0.113185 -0.1654 0.985985 -0.0218329 0.108063 0.0401233 0.993334 -0.0018393 -0.000423981 -0.000626815 1
0.980221 0.162288 -0.113268 -0.165751 0.985927 -0.0217923 0.108138 0.0401356 0.993325 -0.00205215 -0.000479985 -0.000620026 1
0.980157 0.162627 -0.113336 -0.166089 0.985871 -0.021747 0.108198 0.0401393 0.993319 -0.00226195 -0.000535833 -0.0006145 1
0.980087 0.163003 -0.113398 -0.166467 0.985808 -0.0217094 0.10825 0.0401541 0.993312 -0.00250723 -0.000591484 -0.000617342 1
0.980035 0.163315 -0.113396 -0.166774 0.985757 -0.021652 0.108245 0.0401313 0.993314 -0.00271586 -0.000643142 -0.0006074 1
0.979997 0.163571 -0.113359 -0.167024 0.985716 -0.021599 0.108207 0.0401006 0.993319 -0.00289063 -0.000688132 -0.000603324 1
0.979963 0.1638 -0.11332 -0.167251 0.985678 -0.0215797 0.108162 0.0401001 0.993324 -0.00304845 -0.000721268 -0.000621406 1
0.979945 0.163999 -0.113189 -0.167447 0.985645 -0.0215956 0.108022 0.0401157 0.993339 -0.0032027 -0.00074482 -0.000674485 1
0.979953 0.164053 -0.113043 -0.167491 0.985638 -0.0215545 0.107883 0.040056 0.993356 -0.00324833 -0.000766621 -0.000675505 1
0.979954 0.164155 -0.112887 -0.167586 0.985622 -0.0215461 0.107727 0.0400324 0.993374 -0.00334381 -0.000783292 -0.00071095 1
0.979967 0.164188 -0.112728 -0.167611 0.985618 -0.0215304 0.107571 0.0399935 0.993393 -0.00339149 -0.000792963 -0.00073216 1
0.979999 0.16414 -0.112515 -0.16755 0.985629 -0.0214866 0.107372 0.0399087 0.993418 -0.00338471 -0.000800862 -0.000729977 1
0.980022 0.164087 -0.112397 -0.167486 0.985641 -0.02144 0.107265 0.0398366 0.993432 -0.0033675 -0.000804183 -0.000713623 1
0.980036 0.16409 -0.112268 -0.167486 0.985641 -0.021446 0.107137 0.0398212 0.993446 -0.00340447 -0.000798234 -0.000743792 1
0.980073 0.163932 -0.112178 -0.167324 0.985668 -0.0214612 0.107052 0.0398036 0.993456 -0.00330383 -0.000778635 -0.000754767 1
0.980102 0.16378 -0.112147 -0.167173 0.985693 -0.0214914 0.107022 0.0398116 0.993459 -0.00320474 -0.000755235 -0.000771416 1
0.980126 0.163625 -0.112156 -0.167019 0.985719 -0.0215046 0.107036 0.0398095 0.993458 -0.00310281 -0.000733867 -0.000770906 1
0.980153 0.16345 -0.112181 -0.166845 0.985748 -0.0215168 0.107065 0.0398066 0.993455 -0.0029836 -0.00071063 -0.000767852 1
0.980178 0.163276 -0.112217 -0.166673 0.985777 -0.0215255 0.107107 0.0398024 0.993451 -0.00286185 -0.000689332 -0.000756387 1
0.980183 0.163194 -0.112289 -0.166589 0.985792 -0.0214842 0.107188 0.0397646 0.993443 -0.00280864 -0.000680914 -0.000714571 1
0.980201 0.163083 -0.112294 -0.166466 0.985815 -0.0213797 0.107214 0.0396495 0.993445 -0.00274563 -0.000681157 -0.000628724 1
0.980201 0.163063 -0.112323 -0.16644 0.985821 -0.0213163 0.107255 0.0395894 0.993443 -0.0027484 -0.000678888 -0.000581514 1
0.980199 0.163053 -0.112355 -0.166426 0.985825 -0.0212633 0.107295 0.039541 0.993441 -0.00275839 -0.000673437 -0.000541993 1
0.980207 0.162978 -0.112394 -0.166343 0.98584 -0.0211823 0.107351 0.0394591 0.993438 -0.00272227 -0.000665964 -0.0004775 1
0.980228 0.162856 -0.112387 -0.166215 0.985863 -0.0211299 0.107357 0.0393926 0.99344 -0.00266257 -0.00064805 -0.000437466 1
0.980239 0.162796 -0.112379 -0.16616 0.985871 -0.0211853 0.107342 0.0394395 0.99344 -0.00265064 -0.000609865 -0.000489389 1
0.980268 0.162615 -0.112389 -0.165982 0.985901 -0.0212137 0.107355 0.0394496 0.993438 -0.00255107 -0.000563953 -0.000504134 1
0.980311 0.162417 -0.112301 -0.165781 0.985934 -0.0212354 0.107273 0.0394347 0.993447 -0.00245073 -0.00051546 -0.000525493 1
0.980349 0.162238 -0.112226 -0.165603 0.985963 -0.0212765 0.107199 0.0394434 0.993455 -0.00236737 -0.000463414 -0.000561385 1
0.980393 0.16202 -0.112156 -0.165383 0.986 -0.0212954 0.107136 0.0394266 0.993462 -0.00225204 -0.00041196 -0.000574337 1
0.980443 0.161767 -0.112088 -0.165125 0.986043 -0.0212848 0.107081 0.0393771 0.99347 -0.0021117 -0.000365838 -0.000560363 1
0.980489 0.161559 -0.111979 -0.164913 0.986078 -0.0213077 0.106977 0.0393587 0.993482 -0.00201016 -0.000317706 -0.00058362 1
0.980535 0.161324 -0.111921 -0.164678 0.986116 -0.0213391 0.106924 0.0393547 0.993488 -0.00188886 -0.000266439 -0.000606455 1
0.980594 0.161013 -0.111848 -0.164366 0.986168 -0.0213762 0.106859 0.0393453 0.993495 -0.00170221 -0.000209937 -0.000628104 1
0.980653 0.160712 -0.111766 -0.164066 0.986217 -0.0214279 0.106782 0.0393503 0.993504 -0.00152899 -0.000151033 -0.000668355 1
0.980719 0.160346 -0.111712 -0.163698 0.986277 -0.0214467 0.10674 0.0393202 0.993509 -0.00130036 -9.15016e-05 -0.000671998 1
0.980782 0.159974 -0.111693 -0.163321 0.98634 -0.021433 0.106738 0.0392629 0.993512 -0.00106257 -3.5892e-05 -0.000649098 1
0.98084 0.159587 -0.111732 -0.162927 0.986407 -0.0213727 0.106802 0.0391673 0.993509 -0.000799256 1.07578e-05 -0.000580701 1
0.980896 0.159226 -0.111761 -0.162553 0.986471 -0.021264 0.106863 0.0390249 0.993508 -0.000555935 4.73013e-05 -0.000478627 1
0.980945 0.158905 -0.111787 -0.162219 0.986528 -0.0211474 0.10692 0.0388785 0.993507 -0.000342085 7.64844e-05 -0.000374209 1
0.980974 0.158666 -0.111867 -0.161973 0.986571 -0.0210547 0.107024 0.0387736 0.9935 -0.000184393 9.92599e-05 -0.000294321 1
0.981012 0.158412 -0.111895 -0.161708 0.986616 -0.0209658 0.107076 0.038662 0.993499 -1.57266e-05 0.000118559 -0.000220793 1
0.981048 0.158196 -0.11189 -0.161483 0.986654 -0.0208944 0.107092 0.0385669 0.993501 0.000122461 0.000135927 -0.000168936 1
0.981072 0.158042 -0.111892 -0.161325 0.986681 -0.0208632 0.107104 0.0385193 0.993501 0.000208849 0.000155249 -0.000155636 1
0.981096 0.15791 -0.111874 -0.161188 0.986704 -0.0208324 0.107097 0.0384713 0.993504 0.00027996 0.000170839 -0.000144936 1
0.981124 0.157776 -0.111818 -0.161045 0.986728 -0.0207772 0.107055 0.0383926 0.993512 0.000351984 0.00018326 -0.00011913 1
0.981145 0.157704 -0.111727 -0.160963 0.986743 -0.0207213 0.106978 0.0383145 0.993523 0.00037057 0.000190039 -0.000104419 1
0.981168 0.157649 -0.111605 -0.160897 0.986755 -0.0206628 0.106869 0.0382306 0.993538 0.000369442 0.000196612 -9.285e-05 1
0.981183 0.157653 -0.111472 -0.160892 0.986757 -0.0206261 0.106744 0.038173 0.993553 0.000326449 0.000198982 -0.000106736 1
0.981199 0.157647 -0.111334 -0.160877 0.98676 -0.0205953 0.106613 0.0381191 0.99357 0.000292538 0.000203366 -0.000123652 1
0.981209 0.157724 -0.111138 -0.160949 0.986747 -0.0206131 0.106414 0.0381134 0.993591 0.000183351 0.000210311 -0.000191135 1
0.981216 0.157787 -0.110991 -0.161008 0.986737 -0.0206286 0.106265 0.0381117 0.993607 9.21913e-05 0.000219955 -0.000249148 1
0.981221 0.157856 -0.110846 -0.161077 0.986725 -0.0206731 0.106111 0.0381396 0.993623 6.90556e-07 0.000232109 -0.000330514 1
0.981233 0.157896 -0.110687 -0.161114 0.986719 -0.020698 0.105949 0.0381427 0.99364 -7.05322e-05 0.000249316 -0.000393583 1
0.981257 0.157843 -0.110544 -0.161052 0.98673 -0.0206648 0.105815 0.0380808 0.993656 -6.77384e-05 0.000265738 -0.000406288 1
0.981286 0.157734 -0.110441 -0.16093 0.986751 -0.0205909 0.10573 0.0379788 0.993669 -1.40963e-05 0.000279192 -0.000383138 1
0.981309 0.157672 -0.11033 -0.160854 0.986765 -0.0205062 0.105637 0.03787 0.993683 -2.06109e-06 0.000288862 -0.00035693 1
0.981342 0.157517 -0.110256 -0.160676 0.986798 -0.0203287 0.105598 0.0376649 0.993695 9.00247e-05 0.000288864 -0.000245095 1
0.981373 0.157375 -0.110179 -0.160515 0.986827 -0.0201767 0.105553 0.0374863 0.993707 0.000166776 0.000292101 -0.000156376 1
0.98137 0.157423 -0.110142 -0.160544 0.986826 -0.0200116 0.10554 0.0373214 0.993714 9.43142e-05 0.000280087 -6.77665e-05 1
0.981404 0.157277 -0.110043 -0.16038 0.986855 -0.0198826 0.105469 0.0371615 0.993728 0.000173104 0.000289094 9.56337e-06 1
0.981451 0.157057 -0.10994 -0.160146 0.986895 -0.0197987 0.10539 0.0370379 0.993741 0.000310671 0.000310911 6.07971e-05 1
0.981488 0.156885 -0.109855 -0.159971 0.986923 -0.0198087 0.105311 0.0370157 0.99375 0.000409334 0.000349336 3.57121e-05 1
0.981536 0.156648 -0.109765 -0.159729 0.986962 -0.019811 0.105231 0.036978 0.99376 0.000563139 0.000390741 3.00616e-05 1
0.981611 0.15627 -0.109634 -0.159356 0.98702 -0.0199124 0.1051 0.037017 0.993773 0.000830604 0.000458734 -4.23192e-05 1
0.981649 0.156078 -0.109572 -0.159168 0.987049 -0.0199915 0.105032 0.0370649 0.993778 0.000954697 0.000509555 -0.000105246 1
0.981683 0.155926 -0.109475 -0.159019 0.987071 -0.0200665 0.104931 0.0371076 0.993787 0.00104818 0.000559091 -0.000173093 1
0.981711 0.155813 -0.109386 -0.158908 0.987088 -0.0201231 0.104839 0.0371375 0.993796 0.00111155 0.00060033 -0.00022032 1
0.981731 0.155724 -0.109336 -0.158821 0.987101 -0.0201637 0.104785 0.0371601 0.9938 0.00116045 0.000636883 -0.000255573 1
0.981738 0.155703 -0.109305 -0.158803 0.987104 -0.0202012 0.10475 0.0371903 0.993803 0.00115463 0.00066768 -0.000292773 1
0.981734 0.155724 -0.109307 -0.15883 0.987098 -0.020247 0.104744 0.0372384 0.993802 0.00112298 0.000696838 -0.000335542 1
0.981722 0.155753 -0.109378 -0.158867 0.987091 -0.020309 0.104803 0.0373144 0.993793 0.0010961 0.000725382 -0.000378339 1
0.981714 0.155762 -0.109436 -0.158883 0.987088 -0.0203461 0.104854 0.0373615 0.993786 0.00108865 0.000751336 -0.000407243 1
0.981698 0.155818 -0.109494 -0.158947 0.987076 -0.0204028 0.1049 0.0374331 0.993778 0.00104442 0.000773417 -0.000455878 1
0.981662 0.155978 -0.109592 -0.159112 0.987049 -0.0204103 0.104989 0.0374734 0.993767 0.000923099 0.000779856 -0.000471113 1
0.981651 0.155991 -0.109671 -0.159124 0.987049 -0.0203642 0.105074 0.0374417 0.993759 0.000919584 0.000785925 -0.000430987 1
0.981621 0.156107 -0.109774 -0.159239 0.987031 -0.0203099 0.10518 0.037417 0.993749 0.00082838 0.000783703 -0.000397247 1
0.981599 0.156194 -0.109853 -0.159326 0.987018 -0.0202767 0.10526 0.037406 0.993741 0.000756089 0.000787254 -0.000375505 1
0.981566 0.156344 -0.10993 -0.159476 0.986994 -0.0202392 0.105336 0.0373972 0.993733 0.000625048 0.000789182 -0.000359239 1
0.981572 0.156313 -0.10992 -0.159443 0.987 -0.0202322 0.105329 0.0373854 0.993734 0.000627576 0.000810999 -0.0003617 1
0.98157 0.156346 -0.109892 -0.159477 0.986994 -0.0202548 0.105296 0.0374068 0.993737 0.000567743 0.000837107 -0.000396462 1
0.981596 0.156267 -0.109776 -0.159398 0.987006 -0.0202971 0.105178 0.0374216 0.993749 0.00058055 0.00087773 -0.000443934 1
0.981637 0.156114 -0.109625 -0.15924 0.987031 -0.0203024 0.105033 0.0373862 0.993766 0.00064059 0.000922506 -0.000466348 1
0.981695 0.155887 -0.109424 -0.159007 0.987068 -0.0203357 0.104839 0.0373626 0.993787 0.000750981 0.000981372 -0.000507305 1
0.981747 0.1557 -0.109229 -0.158814 0.987099 -0.0203625 0.104649 0.0373379 0.993808 0.000817517 0.00103992 -0.000546962 1
0.981806 0.155472 -0.109021 -0.158584 0.987134 -0.0204277 0.104442 0.037345 0.99383 0.000915351 0.00111095 -0.000613009 1
0.981883 0.155146 -0.108791 -0.158248 0.987188 -0.0204364 0.104226 0.0372821 0.993855 0.00108562 0.0011803 -0.000633356 1
0.981962 0.154819 -0.108541 -0.157919 0.987239 -0.0205213 0.103979 0.0372918 0.99388 0.00125161 0.00126524 -0.000712346 1
0.982042 0.154475 -0.10831 -0.157571 0.987293 -0.0205898 0.103754 0.0372867 0.993904 0.00143428 0.00134708 -0.000775417 1
0.982139 0.154034 -0.108059 -0.157128 0.987362 -0.0206738 0.103509 0.0372837 0.99393 0.0016959 0.00143608 -0.000840418 1
0.982224 0.153655 -0.10782 -0.156743 0.987422 -0.0207193 0.10328 0.037251 0.993955 0.00190744 0.0015111 -0.000880137 1
0.982271 0.153447 -0.107688 -0.156529 0.987456 -0.0207189 0.103158 0.0372079 0.993969 0.0020073 0.00156523 -0.00088677 1
0.982284 0.153421 -0.107616 -0.156499 0.987461 -0.0207226 0.103087 0.0371973 0.993977 0.00197125 0.00160274 -0.00089983 1
0.982323 0.153254 -0.10749 -0.156323 0.98749 -0.0206763 0.102977 0.037114 0.993991 0.00204675 0.00163738 -0.000869488 1
0.982306 0.153379 -0.107472 -0.156436 0.987474 -0.020567 0.102971 0.0370155 0.993995 0.00190359 0.00163745 -0.000800782 1
0.982297 0.153482 -0.10741 -0.156531 0.98746 -0.0205082 0.102916 0.0369582 0.994003 0.00178059 0.00164794 -0.000770246 1
0.982294 0.15357 -0.107303 -0.156623 0.987444 -0.0205742 0.102796 0.037016 0.994013 0.00165841 0.00167792 -0.000826541 1
0.982333 0.153456 -0.107109 -0.156502 0.987463 -0.0205886 0.102606 0.0369876 0.994034 0.00168341 0.00171336 -0.000846108 1
0.98237 0.153342 -0.106939 -0.156385 0.987481 -0.0206231 0.102438 0.0369832 0.994052 0.00171321 0.00174892 -0.000875698 1
0.982412 0.153209 -0.106743 -0.156256 0.987499 -0.0207417 0.102231 0.0370562 0.99407 0.00175086 0.00180895 -0.000965157 1
0.982453 0.153066 -0.106571 -0.156117 0.987518 -0.0208508 0.10205 0.0371225 0.994086 0.00179389 0.00186401 -0.00104728 1
0.982508 0.152835 -0.10639 -0.155883 0.987554 -0.0209083 0.10187 0.037127 0.994105 0.00190934 0.00191981 -0.00109153 1
0.982557 0.15261 -0.106267 -0.155652 0.987591 -0.0209045 0.101758 0.0370806 0.994118 0.00203007 0.00196528 -0.00107388 1
0.982584 0.152492 -0.106181 -0.155538 0.987607 -0.0209719 0.101667 0.0371219 0.994126 0.00206904 0.00201579 -0.00111358 1
0.982633 0.152235 -0.106101 -0.155274 0.987649 -0.0209483 0.101601 0.0370591 0.994135 0.00223001 0.00205332 -0.00107668 1
0.982642 0.152192 -0.106074 -0.155232 0.987655 -0.0209746 0.101573 0.0370766 0.994137 0.00222717 0.00208529 -0.00108453 1
0.982653 0.152108 -0.106094 -0.155152 0.987667 -0.0210035 0.101591 0.0370999 0.994134 0.00226206 0.00211719 -0.00108595 1
0.982663 0.152039 -0.106104 -0.155091 0.987675 -0.0210763 0.101592 0.0371666 0.994132 0.00229683 0.00215069 -0.00112448 1
0.982616 0.152246 -0.106243 -0.155308 0.98764 -0.0211167 0.101715 0.03725 0.994116 0.00211598 0.00216092 -0.00114261 1
0.982618 0.152181 -0.106312 -0.155257 0.987646 -0.0212353 0.101767 0.0373718 0.994106 0.00214352 0.00220567 -0.00119972 1
0.982646 0.151984 -0.106341 -0.155068 0.987674 -0.0213157 0.101791 0.037436 0.994101 0.00228357 0.00225096 -0.00123293 1
0.982649 0.15193 -0.106383 -0.155021 0.98768 -0.0213684 0.101826 0.0374892 0.994096 0.00230597 0.00228027 -0.00125251 1
0.982648 0.151892 -0.106449 -0.154991 0.987684 -0.0214139 0.101886 0.037541 0.994088 0.00231647 0.00230696 -0.00126909 1
0.982704 0.15157 -0.106396 -0.15467 0.987733 -0.0214727 0.101836 0.0375576 0.994092 0.0025496 0.00235654 -0.00128712 1
0.982724 0.151441 -0.106391 -0.154544 0.987752 -0.02151 0.101831 0.0375805 0.994092 0.00263278 0.00238358 -0.00130542 1
0.982773 0.151126 -0.106386 -0.154222 0.987803 -0.0214518 0.101846 0.0374892 0.994094 0.00285373 0.0024117 -0.00122197 1
0.98281 0.150922 -0.106331 -0.154011 0.987837 -0.0214186 0.101805 0.0374266 0.9941 0.00299664 0.00243134 -0.00118737 1
0.982858 0.150665 -0.106253 -0.153752 0.987877 -0.0214353 0.101735 0.0374044 0.994108 0.00317248 0.0024631 -0.00118577 1
0.982889 0.150526 -0.106166 -0.153609 0.987899 -0.0214338 0.101655 0.0373751 0.994117 0.00326617 0.00248242 -0.00118915 1
0.982882 0.150622 -0.106096 -0.153696 0.987887 -0.0213746 0.101592 0.0373153 0.994126 0.00317375 0.00247675 -0.00117317 1
0.982884 0.150655 -0.106024 -0.153727 0.987882 -0.0213784 0.101519 0.0373113 0.994134 0.00312978 0.00248201 -0.00119458 1
0.982918 0.150491 -0.105947 -0.153556 0.98791 -0.0213367 0.101456 0.0372411 0.994143 0.0032446 0.0024965 -0.0011612 1
0.982921 0.150501 -0.105905 -0.153561 0.987909 -0.0213136 0.101417 0.0372125 0.994148 0.00323012 0.00249745 -0.0011569 1
0.982897 0.150675 -0.10588 -0.153728 0.987885 -0.0212399 0.101397 0.0371533 0.994152 0.00307842 0.00247629 -0.00112375 1
0.982894 0.150731 -0.105826 -0.153782 0.987877 -0.0212387 0.101341 0.0371495 0.994158 0.00302742 0.00247045 -0.00113382 1
0.982892 0.150826 -0.105713 -0.15387 0.987863 -0.0212115 0.101231 0.0371146 0.99417 0.00295515 0.00245582 -0.00115707 1
0.982863 0.151066 -0.10564 -0.154109 0.987826 -0.0212123 0.10115 0.0371289 0.994178 0.00275908 0.00243343 -0.00119737 1
0.982871 0.151107 -0.105508 -0.154139 0.987823 -0.0211494 0.101027 0.0370499 0.994194 0.0027209 0.00241962 -0.00117946 1
0.982934 0.150835 -0.105303 -0.15386 0.987866 -0.021176 0.100831 0.0370166 0.994215 0.00292964 0.00244256 -0.00120981 1
0.982976 0.150652 -0.10518 -0.153682 0.987891 -0.0212726 0.100701 0.0370747 0.994226 0.00306389 0.0024747 -0.00128373 1
0.982995 0.150605 -0.105061 -0.153636 0.987897 -0.0213317 0.100577 0.0371102 0.994237 0.00309525 0.00249523 -0.00133941 1
0.983023 0.150531 -0.104908 -0.153567 0.987905 -0.0214489 0.10041 0.0371952 0.994251 0.00314554 0.00253229 -0.00144358 1
0.983049 0.150476 -0.10475 -0.153521 0.987909 -0.0215974 0.100233 0.0373126 0.994264 0.00317683 0.00257558 -0.00157167 1
0.983055 0.150493 -0.104662 -0.15354 0.987905 -0.0216401 0.10014 0.0373432 0.994272 0.00315786 0.00259896 -0.00161922 1
0.983105 0.150291 -0.104483 -0.153323 0.987941 -0.0215768 0.0999798 0.0372318 0.994293 0.00331435 0.00262436 -0.00158687 1
0.983131 0.150229 -0.10433 -0.153256 0.987951 -0.0215884 0.0998293 0.0372134 0.994308 0.00334309 0.00265386 -0.00160778 1
0.983168 0.150051 -0.104233 -0.153075 0.987978 -0.0216021 0.0997387 0.037194 0.994318 0.00347347 0.00268949 -0.00160908 1
0.983198 0.149948 -0.104102 -0.152967 0.987995 -0.0216057 0.0996128 0.037167 0.994332 0.00353995 0.00271842 -0.00161665 1
0.983243 0.149757 -0.103951 -0.152775 0.988024 -0.021661 0.0994621 0.0371792 0.994347 0.00366933 0.0027626 -0.00166161 1
0.983312 0.149436 -0.103765 -0.152451 0.988072 -0.0217176 0.0992818 0.0371743 0.994365 0.00389604 0.00281625 -0.00169991 1
0.983393 0.149067 -0.103526 -0.152078 0.988128 -0.0217839 0.09905 0.0371662 0.994388 0.00415841 0.00287503 -0.00175679 1
0.983485 0.148704 -0.103168 -0.151707 0.988184 -0.0218567 0.0986986 0.037147 0.994424 0.00439365 0.00294242 -0.00184125 1
0.983583 0.148305 -0.102811 -0.151303 0.988243 -0.0219617 0.0983449 0.0371567 0.994458 0.00464481 0.00302321 -0.00194422 1
0.983722 0.147735 -0.102298 -0.150723 0.98833 -0.0220788 0.0978423 0.037138 0.994509 0.005008 0.00312854 -0.00205923 1
0.983871 0.147179 -0.101666 -0.150162 0.98841 -0.0223045 0.0972049 0.0372111 0.994569 0.00532734 0.0032642 -0.0022792 1
0.984068 0.146372 -0.100925 -0.149346 0.988528 -0.0225294 0.0964696 0.0372432 0.994639 0.00581285 0.00343718 -0.00248807 1
0.984392 0.144984 -0.0997619 -0.147925 0.988738 -0.0227035 0.0953468 0.0371064 0.994752 0.00669685 0.0036746 -0.00268026 1
0.984773 0.143461 -0.0981866 -0.146361 0.988965 -0.0229563 0.0938098 0.0369774 0.994903 0.0076006 0.0039682 -0.00297807 1
0.985264 0.141529 -0.0960452 -0.144376 0.989248 -0.0233376 0.0917095 0.0368603 0.995103 0.00872034 0.00435959 -0.00342739 1
0.985891 0.139072 -0.0931544 -0.14185 0.9896 -0.0238668 0.0888665 0.036744 0.995366 0.0101151 0.00486958 -0.0040547 1
0.986685 0.135854 -0.0894239 -0.138546 0.990051 -0.0245942 0.085193 0.0366561 0.99569 0.0119691 0.00553528 -0.00491763 1
0.98762 0.132061 -0.0846527 -0.134644 0.990565 -0.0255378 0.0804814 0.0366196 0.996083 0.0140721 0.00634664 -0.00607771 1
0.988703 0.12751 -0.0787888 -0.129958 0.991159 -0.0267377 0.0746829 0.0366748 0.996533 0.0165707 0.00733465 -0.00758754 1
0.989906 0.12222 -0.0717584 -0.124482 0.991828 -0.0279351 0.0677578 0.0365858 0.997031 0.0194367 0.00844391 -0.00929056 1
0.991141 0.116652 -0.0634931 -0.118681 0.992504 -0.0291797 0.0596133 0.0364566 0.997556 0.0222983 0.00964757 -0.0112857 1
0.992343 0.111053 -0.054055 -0.112808 0.993146 -0.0305758 0.050289 0.0364395 0.99807 0.0249606 0.0109448 -0.0136726 1
0.99348 0.105306 -0.0436844 -0.106739 0.993776 -0.0318729 0.040056 0.036328 0.998537 0.0275405 0.0122776 -0.0162307 1
0.99444 0.100209 -0.0323736 -0.101279 0.994302 -0.0332706 0.0288551 0.0363643 0.998922 0.0294571 0.0135813 -0.0191681 1
0.995193 0.0957456 -0.0205654 -0.0964148 0.994744 -0.0344742 0.0171566 0.0362914 0.999194 0.0307575 0.0147969 -0.022153 1
0.995795 0.0912338 -0.00832823 -0.0914721 0.995187 -0.0351471 0.00508154 0.0357611 0.999347 0.031979 0.0158983 -0.0249112 1
0.996224 0.0867285 0.00405763 -0.0865323 0.995622 -0.0353274 -0.00710376 0.0348429 0.999368 0.0331609 0.016884 -0.0274085 1
0.996449 0.0826118 0.0162591 -0.0820036 0.996015 -0.0350681 -0.0190913 0.0336103 0.999253 0.0340744 0.0177048 -0.0296185 1
0.99662 0.0772717 0.0278842 -0.0763212 0.996514 -0.0336808 -0.0303895 0.0314388 0.999044 0.0359739 0.0184205 -0.0309745 1
0.996588 0.0724922 0.0394551 -0.0712553 0.996948 -0.0319028 -0.0416474 0.0289826 0.998712 0.0374461 0.0189933 -0.0320326 1
0.996382 0.068457 0.0503728 -0.0669983 0.997299 -0.0300988 -0.0522972 0.026615 0.998277 0.0384795 0.0194655 -0.0329501 1
0.996073 0.0647084 0.0604313 -0.0631109 0.997614 -0.0279827 -0.0620978 0.0240589 0.99778 0.0394058 0.0198055 -0.033484 1
0.995762 0.0607603 0.0690364 -0.0591174 0.997923 -0.025599 -0.0704484 0.0214093 0.997286 0.0407375 0.0201099 -0.0336345 1
0.99539 0.0577566 0.0765716 -0.0561391 0.998155 -0.0231126 -0.0777652 0.0187074 0.996796 0.041549 0.0202515 -0.0334756 1
0.995135 0.0541722 0.082292 -0.0526519 0.998402 -0.0205348 -0.0832729 0.0161021 0.996397 0.0431311 0.0204141 -0.033023 1
0.994956 0.0504403 0.0867083 -0.0490717 0.998636 -0.0178451 -0.0874901 0.0135002 0.996074 0.0450702 0.0205509 -0.0322761 1
0.994895 0.0464399 0.0896001 -0.0453144 0.998867 -0.0145563 -0.0901746 0.0104218 0.995871 0.0475278 0.0205943 -0.0308366 1
0.99484 0.0436036 0.0916061 -0.0427287 0.999021 -0.0114921 -0.0920175 0.00751864 0.995729 0.0492493 0.0205022 -0.0292706 1
0.994885 0.0403965 0.0925889 -0.0397946 0.999173 -0.00833821 -0.0928491 0.00461102 0.99567 0.051489 0.0204519 -0.0274322 1
0.994959 0.0382075 0.0927198 -0.0378524 0.999268 -0.0055854 -0.0928653 0.00204758 0.995677 0.0531059 0.0203356 -0.0256187 1
0.995117 0.0363302 0.0917697 -0.0362321 0.99934 -0.00273543 -0.0918085 -0.000602933 0.995777 0.0546817 0.0201589 -0.0234787 1
0.995293 0.0352125 0.0902922 -0.0352938 0.999377 -0.000696226 -0.0902605 -0.00249381 0.995915 0.0557823 0.0200368 -0.021741 1
0.995512 0.0340352 0.088305 -0.034296 0.999411 0.00143804 -0.088204 -0.0044601 0.996092 0.05705 0.0199047 -0.0197988 1
0.995748 0.033857 0.0856756 -0.0342574 0.999408 0.00320796 -0.0855163 -0.00612935 0.996318 0.0576624 0.0196865 -0.0179196 1
0.996021 0.0327833 0.0828646 -0.0333478 0.999429 0.0054374 -0.0826391 -0.00817912 0.996546 0.05903 0.0194971 -0.0156839 1
0.996308 0.0315661 0.0798338 -0.0322481 0.999453 0.0072675 -0.0795608 -0.00981516 0.996782 0.0605796 0.0194119 -0.0136937 1
0.996586 0.0305809 0.0766929 -0.0313794 0.999465 0.00922844 -0.0763696 -0.0116035 0.997012 0.0619758 0.0192511 -0.0115682 1
0.996839 0.0298031 0.0736457 -0.0306956 0.999468 0.0110179 -0.0732781 -0.0132436 0.997224 0.0632021 0.0190826 -0.00955424 1
0.997056 0.0290325 0.0709731 -0.0300092 0.999469 0.0127327 -0.0705657 -0.0148251 0.997397 0.0643792 0.0189057 -0.00763249 1
0.997218 0.029549 0.0684261 -0.0305584 0.999438 0.0137516 -0.0679813 -0.0158043 0.997561 0.0645307 0.0186221 -0.0061939 1
0.997333 0.0304799 0.0663107 -0.031512 0.999397 0.0145744 -0.0658265 -0.0166251 0.997693 0.0643044 0.0182815 -0.00491816 1
0.997397 0.03234 0.0644442 -0.0333763 0.999329 0.0150693 -0.0639136 -0.017181 0.997808 0.0633287 0.0178145 -0.0038799 1
0.997419 0.0349602 0.0627127 -0.0359812 0.999236 0.0152255 -0.0621325 -0.0174426 0.997915 0.0617491 0.0172525 -0.00310154 1
0.997348 0.0389732 0.0614596 -0.0399462 0.999094 0.0146827 -0.0608316 -0.0170989 0.998002 0.0589916 0.016564 -0.00286216 1
0.99729 0.0423174 0.0601857 -0.0432431 0.998964 0.0141606 -0.0595241 -0.0167248 0.998087 0.0567728 0.0159835 -0.00264687 1
0.997236 0.0456535 0.0586167 -0.0465242 0.998825 0.013576 -0.0579281 -0.0162656 0.998188 0.0546098 0.0153849 -0.00246667 1
0.99721 0.048045 0.057137 -0.0488522 0.998724 0.012816 -0.0564483 -0.0155715 0.998284 0.0531612 0.014959 -0.00247913 1
0.997184 0.0502769 0.0556499 -0.0510152 0.998627 0.0119247 -0.054974 -0.0147301 0.998379 0.0518386 0.0145917 -0.00259216 1
0.997199 0.0517683 0.0539821 -0.0524445 0.998561 0.0111848 -0.0533254 -0.0139846 0.998479 0.0511408 0.0143485 -0.0025996 1
0.997168 0.0539894 0.0523532 -0.0546028 0.998454 0.0103574 -0.051713 -0.0131867 0.998575 0.0498487 0.0139983 -0.00264401 1
0.997242 0.0549973 0.0498376 -0.055549 0.998408 0.00975374 -0.0492218 -0.0124953 0.99871 0.0496146 0.0138125 -0.00252169 1
0.997288 0.056524 0.0471268 -0.0570116 0.998332 0.00906493 -0.0465358 -0.0117271 0.998848 0.0490042 0.0135915 -0.002423 1
0.997351 0.0575367 0.0444952 -0.0579663 0.998283 0.00842529 -0.0439341 -0.0109822 0.998974 0.0487813 0.0134433 -0.00231588 1
0.997459 0.0578195 0.0416237 -0.0582016 0.998273 0.00802608 -0.0410877 -0.0104283 0.999101 0.0491514 0.0133354 -0.00202431 1
0.997558 0.0580147 0.038879 -0.0583455 0.998269 0.00742669 -0.0383808 -0.00967697 0.999216 0.0495829 0.0133064 -0.00191424 1
0.997513 0.0595696 0.0376612 -0.0598561 0.998186 0.00652405 -0.0372042 -0.00876208 0.999269 0.0487175 0.0131247 -0.00215616 1
0.997457 0.0610303 0.0368154 -0.0612806 0.998104 0.00570607 -0.0363974 -0.00794762 0.999306 0.0478606 0.0129271 -0.0023991 1
0.997383 0.062804 0.0358172 -0.0630176 0.998001 0.00486379 -0.0354401 -0.00710817 0.999347 0.0467849 0.012691 -0.00263826 1
0.997256 0.0651338 0.0351752 -0.0653044 0.997858 0.00372148 -0.0348575 -0.00600837 0.999374 0.0452265 0.0124344 -0.00315746 1
0.997136 0.0671799 0.0347477 -0.0673196 0.997727 0.002867 -0.0344761 -0.00519799 0.999392 0.04386 0.0121597 -0.00350603 1
0.997005 0.0693973 0.0341422 -0.0695125 0.997579 0.00219575 -0.0339071 -0.00456248 0.999415 0.0423832 0.0118423 -0.0037037 1
0.996878 0.0714924 0.0335098 -0.0715885 0.997433 0.00167545 -0.0333039 -0.00406913 0.999437 0.0409975 0.0115226 -0.0038118 1
0.996746 0.0734712 0.0331494 -0.0735546 0.99729 0.00130266 -0.0329639 -0.00373672 0.99945 0.0396513 0.0111954 -0.00387329 1
0.996643 0.0750497 0.0327054 -0.0751381 0.997172 0.00147994 -0.0325018 -0.00393239 0.999464 0.0386246 0.0108129 -0.00354114 1
0.996528 0.0768455 0.0320404 -0.0769409 0.997034 0.0017522 -0.0318107 -0.00421133 0.999485 0.0374472 0.0103976 -0.00313444 1
0.996423 0.0784957 0.0313092 -0.0786086 0.996903 0.00238827 -0.0310248 -0.0048409 0.999507 0.0363835 0.00993919 -0.00248028 1
0.996335 0.0798633 0.0306383 -0.080009 0.996788 0.00355894 -0.0302556 -0.00599724 0.999524 0.035531 0.00941634 -0.00146306 1
0.996241 0.0812477 0.0300496 -0.0814361 0.996666 0.00509582 -0.0295354 -0.00752378 0.999535 0.0346421 0.00884349 -0.00022357 1
0.996137 0.0827599 0.0293469 -0.0829914 0.996527 0.00675916 -0.0286856 -0.00916859 0.999546 0.0336556 0.0082654 0.0010921 1
0.996055 0.0839542 0.0287278 -0.0842411 0.996405 0.00892799 -0.027875 -0.0113128 0.999547 0.0328988 0.00765027 0.00274545 1
0.995974 0.0850075 0.0284457 -0.0853593 0.996285 0.01139 -0.0273718 -0.0137723 0.99953 0.0321971 0.00701506 0.0045348 1
0.995869 0.0863811 0.0279939 -0.086797 0.996128 0.0139949 -0.0266767 -0.0163668 0.99951 0.0312465 0.00634085 0.00643516 1
0.995807 0.087282 0.0273875 -0.0877633 0.995998 0.0168922 -0.0258035 -0.019225 0.999482 0.0307001 0.00568204 0.00855645 1
0.995786 0.0876789 0.0268974 -0.088228 0.9959 0.0199556 -0.0250374 -0.0222446 0.999439 0.0305469 0.00506009 0.0107781 1
0.995747 0.088248 0.0264626 -0.0888694 0.995771 0.0233015 -0.0242944 -0.0255541 0.999378 0.0302748 0.00438312 0.0131971 1
0.99569 0.0890899 0.0257581 -0.0897792 0.995597 0.0269673 -0.0232421 -0.0291636 0.999304 0.0298653 0.00363891 0.0159065 1
0.995636 0.0898288 0.025299 -0.0905873 0.995418 0.0306246 -0.0224321 -0.0327827 0.999211 0.0295397 0.00291023 0.0185813 1
0.99551 0.0912 0.0253499 -0.0920389 0.995169 0.0341692 -0.0221112 -0.036349 0.999095 0.0286343 0.00211018 0.0211049 1
0.995319 0.0931531 0.025725 -0.0940809 0.994855 0.0375804 -0.022092 -0.0398247 0.998962 0.0272252 0.00124794 0.0234824 1
0.99507 0.0954364 0.0269902 -0.096493 0.994489 0.0410084 -0.0229278 -0.0434106 0.998794 0.0254537 0.000336974 0.0258202 1
0.994719 0.0986343 0.0283852 -0.0998264 0.994023 0.0441909 -0.0238568 -0.0467911 0.99862 0.0229267 -0.000657816 0.0280146 1
0.994373 0.10157 0.0301091 -0.102916 0.993573 0.0471273 -0.0251288 -0.0499608 0.998435 0.0205848 -0.00160388 0.0299829 1
0.994012 0.104432 0.032146 -0.105943 0.993135 0.0495905 -0.0267465 -0.0526992 0.998252 0.0182657 -0.00243884 0.0315642 1
0.99367 0.106989 0.0342524 -0.108679 0.992716 0.0520031 -0.0284392 -0.0553965 0.998059 0.016176 -0.00322042 0.0331273 1
0.993882 0.104396 0.0360525 -0.106302 0.99277 0.0557481 -0.029972 -0.0592395 0.997794 0.0180874 -0.00375936 0.0356084 1
0.994187 0.100719 0.0380578 -0.102855 0.992939 0.0591023 -0.0318364 -0.0626732 0.997526 0.0208135 -0.00413272 0.0377124 1
0.994538 0.0965279 0.0396982 -0.0988948 0.993117 0.0627537 -0.0333675 -0.0663369 0.997239 0.0239765 -0.00448333 0.0401163 1
0.994249 0.0989966 0.0408424 -0.101444 0.992846 0.0629752 -0.0343159 -0.0667563 0.997179 0.02203 -0.00498647 0.0401584 1
0.994006 0.101136 0.0415178 -0.10362 0.992632 0.0628046 -0.03486 -0.0667302 0.997162 0.02041 -0.00539489 0.0399721 1
0.993332 0.107204 0.0424012 -0.109662 0.992118 0.0606361 -0.0355665 -0.0648816 0.997259 0.0156446 -0.00588022 0.0383893 1
0.992818 0.11163 0.0430221 -0.114054 0.991737 0.058733 -0.0361103 -0.063218 0.997346 0.0122292 -0.00620911 0.0370501 1
0.99199 0.119034 0.0422733 -0.121262 0.991108 0.0547818 -0.0353765 -0.0594691 0.997603 0.00672914 -0.00640799 0.0343863 1
0.991949 0.119977 0.0405344 -0.122059 0.991077 0.0535472 -0.0337483 -0.0580636 0.997742 0.0063946 -0.00650304 0.0337119 1
0.99186 0.121334 0.0386133 -0.123248 0.991022 0.0518149 -0.0319797 -0.0561522 0.99791 0.00576707 -0.00655351 0.0327318 1
0.991725 0.123382 0.0354893 -0.125058 0.990904 0.0496966 -0.0290348 -0.0537235 0.998134 0.00486415 -0.00654412 0.0316268 1
0.991427 0.12669 0.0319556 -0.1281 0.990657 0.0467805 -0.0257304 -0.0504729 0.998394 0.00300916 -0.00648685 0.0299839 1
0.991339 0.127908 0.0297731 -0.12916 0.99061 0.0448188 -0.0237609 -0.0482761 0.998551 0.00251032 -0.00644118 0.0288977 1
0.991257 0.128944 0.0279804 -0.130078 0.990552 0.043436 -0.0221152 -0.0466958 0.998664 0.00211517 -0.00643464 0.0282636 1
0.99117 0.130017 0.026034 -0.131037 0.990473 0.042338 -0.0202813 -0.0453756 0.998764 0.00170278 -0.00645237 0.0278407 1
0.991111 0.130724 0.0247226 -0.131663 0.990438 0.0411909 -0.0191016 -0.0440798 0.998845 0.00148001 -0.00643338 0.0273143 1
0.991051 0.131428 0.0233186 -0.132288 0.990396 0.0402067 -0.0178103 -0.0429316 0.998919 0.00127985 -0.00643369 0.0268817 1
0.990969 0.132275 0.0219944 -0.133066 0.990319 0.0395241 -0.0165535 -0.0420938 0.998977 0.000949887 -0.00647542 0.0266493 1
0.990908 0.132861 0.0211956 -0.13361 0.990264 0.0390617 -0.0157995 -0.0415385 0.999012 0.000751216 -0.00653567 0.0265329 1
0.990842 0.133444 0.0205873 -0.134164 0.9902 0.0387749 -0.0152113 -0.0411819 0.999036 0.000536688 -0.00661845 0.0265098 1
0.990703 0.13454 0.020185 -0.135238 0.990064 0.0385181 -0.0148022 -0.0408898 0.999054 -0.00014468 -0.0067431 0.0264646 1
0.990569 0.135601 0.0196498 -0.136275 0.989927 0.0383936 -0.0142456 -0.0407093 0.999069 -0.000776818 -0.00687485 0.0265249 1
0.990491 0.136253 0.0190459 -0.1369 0.989847 0.0382202 -0.0136449 -0.0404642 0.999088 -0.00107014 -0.00696034 0.0265496 1
0.990471 0.136501 0.0182863 -0.13711 0.989838 0.0377114 -0.0129528 -0.0398593 0.999121 -0.00101917 -0.00694564 0.0263206 1
0.990381 0.137215 0.0177952 -0.137795 0.98977 0.0369875 -0.012538 -0.0390838 0.999157 -0.00140069 -0.00694619 0.0259187 1
0.990261 0.138159 0.017163 -0.138706 0.989667 0.0363191 -0.0119678 -0.038346 0.999193 -0.00193383 -0.00695742 0.0255435 1
0.990079 0.139495 0.0168738 -0.140018 0.989518 0.0353327 -0.0117682 -0.0373448 0.999233 -0.00283471 -0.00694268 0.02491 1
0.989807 0.141422 0.0167885 -0.141929 0.989282 0.0343107 -0.0117563 -0.0363437 0.99927 -0.00427393 -0.00698428 0.0242217 1
0.989603 0.14283 0.0169129 -0.14333 0.989111 0.0333959 -0.0119588 -0.0354728 0.999299 -0.0053329 -0.00700152 0.023606 1
0.989439 0.143913 0.0172904 -0.144413 0.988989 0.0323493 -0.0124445 -0.0345047 0.999327 -0.00620986 -0.00696816 0.0228452 1
0.989339 0.144574 0.0174994 -0.145067 0.988928 0.0312552 -0.012787 -0.0334606 0.999358 -0.00671774 -0.00691771 0.0220748 1
0.989168 0.145694 0.0178609 -0.146184 0.988799 0.0301236 -0.013272 -0.0324083 0.999387 -0.00764719 -0.00689514 0.0212468 1
0.989115 0.146026 0.0180888 -0.14651 0.988778 0.029195 -0.0136225 -0.0315274 0.99941 -0.00791372 -0.0068477 0.0205874 1
0.989012 0.146702 0.018294 -0.147179 0.988707 0.0282394 -0.0139446 -0.0306215 0.999434 -0.00849345 -0.00678629 0.0198843 1
0.988948 0.147083 0.0186702 -0.14756 0.988674 0.0273918 -0.0144298 -0.029844 0.99945 -0.00885997 -0.00672206 0.0192368 1
0.988818 0.147889 0.0191657 -0.148368 0.988574 0.0266063 -0.0150119 -0.0291524 0.999462 -0.00961818 -0.00665955 0.0186179 1
0.988775 0.148127 0.0195349 -0.148609 0.988552 0.0260885 -0.0154468 -0.0286988 0.999469 -0.00995686 -0.00657292 0.018205 1
0.98896 0.146852 0.0197945 -0.147336 0.988752 0.0257252 -0.0157941 -0.0283576 0.999473 -0.00906137 -0.0063805 0.0178824 1
0.989092 0.145902 0.0202224 -0.146392 0.988903 0.0253165 -0.0163043 -0.0280008 0.999475 -0.00848226 -0.00621716 0.0175063 1
0.988931 0.147003 0.020155 -0.147472 0.988769 0.0242302 -0.0163667 -0.0269343 0.999503 -0.00944478 -0.00606624 0.0166745 1
0.9891 0.145893 0.0199183 -0.146352 0.988942 0.0239621 -0.0162021 -0.026616 0.999514 -0.00866766 -0.00588877 0.0164448 1
0.989296 0.144577 0.0197604 -0.145027 0.989146 0.0236252 -0.0161302 -0.0262381 0.999526 -0.00774834 -0.00568985 0.0161645 1
0.989443 0.14354 0.0199727 -0.14399 0.989305 0.0232857 -0.0164167 -0.0259157 0.999529 -0.00710562 -0.00546481 0.0158865 1
0.989607 0.142424 0.019825 -0.142864 0.989477 0.0229102 -0.0163534 -0.0255044 0.999541 -0.00635733 -0.00521637 0.0156034 1
0.989994 0.139738 0.0196484 -0.14018 0.989852 0.0232948 -0.0161938 -0.025816 0.999536 -0.00439543 -0.00498524 0.0159163 1
0.990236 0.138069 0.0192382 -0.138496 0.990097 0.0229527 -0.0158787 -0.025393 0.999551 -0.00321441 -0.00469672 0.015702 1
