NO_OF_FRAMES	29695
FREQUENCY	100
DATA_INCLUDED	6DOF(row-major-order)
ORDER	R11 R12 R13 R21 R22 R23 R31 R32 R33 Tx Ty Tz RMS
SOURCE_FILE	/afs/inf.ed.ac.uk/group/cstr/projects/galatea/DB/MotionCapture/Recordings_October_2014/Markers/Ella/CSTR/Ella_02_e.tsv.gz,Head/Ella_02_e.dof.gz
RIGID_BODY_MARKERS	 1 2 3 4
PROGRAM_NAME	EstimateRigidBodyWithSegment,nm-head-orientation
REFERENCE_FRAME	3
SEGMENT_HALF_WIDTH	2
SEGMENT_WINDOW_TYPE	rectangle
REFERENCE_MARKER_1	-0.203013 0.79419 0.208819
REFERENCE_MARKER_2	-0.214748 0.744504 0.0644431
REFERENCE_MARKER_3	-0.176722 0.772856 0.140886
REFERENCE_MARKER_4	-0.239652 0.754393 0.276999
REFERENCE_CENTRE	-0.208534 0.766486 0.172787
NOTES	Normalised_Head_Orientation
END_OF_HEADER
0.997018 0.0770077 -0.00505902 -0.0767437 0.99624 0.0402011 0.00813579 -0.039693 0.999179 0 0 0 1
0.997018 0.0770077 -0.00505902 -0.0767437 0.99624 0.0402011 0.00813579 -0.039693 0.999179 0 0 0 1
0.997018 0.0770077 -0.00505902 -0.0767437 0.99624 0.0402011 0.00813579 -0.039693 0.999179 -4.50331e-16 -8.43342e-17 -1.93336e-16 1
0.997015 0.0770377 -0.00509652 -0.0767711 0.996233 0.0403172 0.00818326 -0.0398055 0.999174 -3.6678e-05 -9.52251e-06 0.000112625 1
0.99704 0.0767118 -0.00512103 -0.0764433 0.996252 0.0404716 0.00820648 -0.0399603 0.999168 0.000189083 2.34499e-05 0.000237192 1
0.99706 0.0764531 -0.00520716 -0.076181 0.99627 0.0405186 0.00828551 -0.0400027 0.999165 0.000388479 5.41539e-05 0.000314643 1
0.997075 0.0762651 -0.00507332 -0.0759982 0.996283 0.0405573 0.00814757 -0.0400531 0.999164 0.000486768 0.000100834 0.00033438 1
0.997089 0.0760949 -0.00482309 -0.0758395 0.996302 0.0403801 0.00787798 -0.0398968 0.999173 0.000550143 0.000176671 0.000193962 1
0.99709 0.0760839 -0.00486595 -0.0758274 0.996306 0.040309 0.00791484 -0.0398227 0.999175 0.000546037 0.000204227 0.00018095 1
0.99709 0.07608 -0.00482815 -0.0758262 0.996312 0.0401557 0.00786538 -0.0396727 0.999182 0.000526448 0.000251821 9.93725e-05 1
0.997118 0.0757194 -0.00464752 -0.0754737 0.996342 0.0400806 0.00766539 -0.0396143 0.999186 0.000764958 0.000358956 3.03326e-05 1
0.997129 0.0755723 -0.00465474 -0.0753265 0.996354 0.0400593 0.00766514 -0.0395936 0.999186 0.000862567 0.000399876 3.46145e-05 1
0.997133 0.0755069 -0.00490737 -0.0752538 0.996373 0.0397241 0.00788902 -0.0392409 0.999199 0.000953162 0.000457276 -0.000165768 1
0.99715 0.0752693 -0.00509589 -0.0750098 0.996395 0.0396317 0.00806057 -0.0391365 0.999201 0.00116844 0.000513181 -0.000183266 1
0.997173 0.0749509 -0.00524029 -0.0746862 0.99642 0.0396036 0.00818986 -0.0391003 0.999202 0.00143803 0.000569232 -0.000169198 1
0.997236 0.0740959 -0.00548225 -0.0738199 0.996473 0.0398944 0.00841893 -0.0393795 0.999189 0.00214722 0.00063828 0.000121777 1
0.997237 0.0740599 -0.00571207 -0.0737766 0.996484 0.0397047 0.00863252 -0.0391736 0.999195 0.00223029 0.000670934 5.65142e-05 1
0.997223 0.0742591 -0.00563976 -0.0739781 0.996468 0.0397449 0.00857126 -0.0392173 0.999194 0.00207 0.00065421 9.49422e-05 1
0.997206 0.0744969 -0.00559458 -0.0742182 0.996453 0.039669 0.00852996 -0.039143 0.999197 0.00188857 0.000641031 6.00131e-05 1
0.997201 0.0745632 -0.00557896 -0.0742851 0.996448 0.0396519 0.00851572 -0.0391265 0.999198 0.00184922 0.000647567 7.0697e-05 1
0.997115 0.0757212 -0.0053642 -0.0754548 0.99638 0.039156 0.00830972 -0.0386382 0.999219 0.000935438 0.000541944 -0.000303116 1
0.99709 0.0760398 -0.00536076 -0.0757734 0.996357 0.0391354 0.00831708 -0.0386154 0.99922 0.000700393 0.000500495 -0.000306202 1
0.997071 0.0762763 -0.00559641 -0.0760018 0.996344 0.039008 0.00855134 -0.0384684 0.999223 0.000576257 0.000469441 -0.000343579 1
0.997119 0.0756249 -0.0058122 -0.0753389 0.996378 0.0394213 0.00877238 -0.0388698 0.999206 0.00112673 0.000518358 1.92861e-05 1
0.9971 0.0758732 -0.00592195 -0.0755829 0.996361 0.0394005 0.00888983 -0.0388386 0.999206 0.000960954 0.000481877 3.43627e-05 1
0.997087 0.0760454 -0.0059434 -0.0757547 0.99635 0.0393406 0.00891338 -0.0387758 0.999208 0.000827109 0.000464723 -4.375e-06 1
0.997082 0.0760998 -0.00597534 -0.0758064 0.99634 0.0395014 0.00895952 -0.0389332 0.999202 0.000811264 0.000431127 0.000129308 1
0.997065 0.0763301 -0.00583995 -0.0760431 0.996327 0.0393582 0.00882272 -0.0387987 0.999208 0.000606702 0.000390708 1.05546e-05 1
0.99695 0.0778252 -0.00580211 -0.077544 0.996236 0.0387464 0.00879571 -0.0381783 0.999232 -0.000566005 0.000237768 -0.000458354 1
0.996945 0.0778954 -0.00577941 -0.0776157 0.996233 0.0386623 0.00876925 -0.0380956 0.999236 -0.000623233 0.000222236 -0.000515615 1
0.996939 0.0779632 -0.00583817 -0.0776814 0.996229 0.0386498 0.00882942 -0.038078 0.999236 -0.000659069 0.000205215 -0.000520616 1
0.996933 0.0780497 -0.00573687 -0.0777731 0.996228 0.0384742 0.00871813 -0.03791 0.999243 -0.00076596 0.000204787 -0.00066743 1
0.996925 0.0781502 -0.00578716 -0.0778705 0.996216 0.0386055 0.00878229 -0.0380362 0.999238 -0.000838193 0.000201509 -0.000576679 1
0.996981 0.0774357 -0.00572226 -0.0771575 0.996265 0.0387777 0.00870367 -0.0382191 0.999231 -0.000291198 0.00026545 -0.000451504 1
0.996971 0.0775716 -0.005574 -0.0772977 0.996248 0.0389298 0.00857293 -0.038381 0.999226 -0.000432919 0.000224575 -0.000365941 1
0.996944 0.0779294 -0.00553481 -0.0776564 0.996218 0.03897 0.00855079 -0.0384211 0.999225 -0.000733794 0.000163226 -0.000344907 1
0.996961 0.0777091 -0.0054591 -0.077439 0.996234 0.038989 0.00846835 -0.0384478 0.999225 -0.000587646 0.000195361 -0.000345651 1
0.996978 0.0775104 -0.00526891 -0.0772473 0.996248 0.0390329 0.0082746 -0.038508 0.999224 -0.000482631 0.000200451 -0.000343433 1
0.997001 0.0772086 -0.00519931 -0.0769454 0.996256 0.0394065 0.00822237 -0.0388882 0.99921 -0.000285469 0.000217174 -4.27621e-05 1
0.997012 0.0770686 -0.00523749 -0.0768052 0.996273 0.0392638 0.00824397 -0.0387442 0.999215 -0.000177314 0.000249383 -0.00014301 1
0.99705 0.0765707 -0.00523178 -0.0763075 0.996309 0.0393037 0.00822198 -0.0387885 0.999214 0.000208671 0.000320769 -0.000111797 1
0.997019 0.0769836 -0.00515833 -0.0767228 0.996277 0.0393256 0.00816656 -0.0388126 0.999213 -0.000134928 0.000251954 -0.000114391 1
0.997018 0.0770026 -0.00512532 -0.0767432 0.996275 0.0393204 0.008134 -0.0388098 0.999214 -0.000156378 0.000250084 -0.000128509 1
0.996974 0.0775696 -0.00507049 -0.0773142 0.996243 0.0390235 0.00807847 -0.0385134 0.999225 -0.000598092 0.000192494 -0.00040362 1
0.996956 0.0778163 -0.00490006 -0.0775672 0.996222 0.0390396 0.00791946 -0.0385407 0.999226 -0.000824737 0.00015618 -0.000429229 1
0.996965 0.0776832 -0.00509806 -0.0774257 0.996229 0.039145 0.00811975 -0.0386315 0.999221 -0.000703798 0.000168311 -0.000316789 1
0.99699 0.0773512 -0.00522086 -0.0770891 0.996255 0.0391576 0.0082302 -0.0386372 0.999219 -0.000416951 0.000221837 -0.000283379 1
0.996983 0.0774389 -0.00521958 -0.0771764 0.996246 0.0392043 0.00823593 -0.0386832 0.999218 -0.000490848 0.000211988 -0.000253977 1
0.996998 0.0772559 -0.00521959 -0.0769955 0.99627 0.0389683 0.00821065 -0.0384494 0.999227 -0.000348087 0.000247402 -0.000420891 1
0.997015 0.0770223 -0.00527174 -0.0767595 0.996286 0.0390241 0.00825788 -0.0385029 0.999224 -0.000155644 0.000281682 -0.000382873 1
0.996982 0.0774743 -0.00505047 -0.0772212 0.996257 0.0388462 0.00804115 -0.0383389 0.999232 -0.000527534 0.000225094 -0.00056831 1
0.996966 0.0776787 -0.00494324 -0.0774292 0.996239 0.0388988 0.00794625 -0.0383981 0.999231 -0.000698346 0.0001868 -0.000544431 1
0.996954 0.0778438 -0.00488445 -0.0775969 0.996228 0.0388392 0.00788941 -0.0383418 0.999234 -0.000820283 0.000156347 -0.000608465 1
0.996944 0.0779588 -0.00494109 -0.0777077 0.99621 0.0390764 0.00796871 -0.038573 0.999224 -0.000890017 0.000111063 -0.000454115 1
0.996925 0.0782092 -0.00493684 -0.077958 0.99619 0.0390873 0.00797501 -0.0385823 0.999224 -0.00107887 5.3562e-05 -0.000467496 1
0.997054 0.0765466 -0.00490808 -0.0762948 0.996304 0.0394598 0.00791045 -0.0389691 0.999209 0.000210467 0.000257159 -0.00024026 1
0.997042 0.0766864 -0.00513067 -0.0764258 0.996294 0.0394678 0.0081383 -0.038959 0.999208 0.000139299 0.00020727 -0.000247888 1
0.997033 0.0767887 -0.00528872 -0.0765216 0.996285 0.0394982 0.00830209 -0.0389763 0.999206 8.74718e-05 0.000176044 -0.000217457 1
0.99702 0.0769592 -0.00523931 -0.0766938 0.996272 0.03951 0.00826044 -0.0389904 0.999205 -5.22411e-05 0.000143614 -0.000238344 1
0.997032 0.0768111 -0.00525352 -0.0765437 0.996276 0.0396872 0.00828238 -0.0391673 0.999198 7.26668e-05 0.00014371 -0.000121951 1
0.996905 0.0784421 -0.00518082 -0.0781783 0.996158 0.0394585 0.00825613 -0.0389314 0.999208 -0.00120435 -9.40547e-05 -0.000312918 1
0.996966 0.0776776 -0.00496323 -0.0774218 0.996212 0.0395848 0.00801928 -0.0390804 0.999204 -0.000654513 1.87506e-05 -0.000230165 1
0.997028 0.0769062 -0.00444797 -0.0766716 0.996273 0.039524 0.00747103 -0.0390655 0.999209 -0.000101448 0.000143154 -0.000402797 1
0.997013 0.0771253 -0.00413732 -0.0769017 0.99625 0.0396613 0.0071807 -0.0392247 0.999205 -0.000306918 7.99056e-05 -0.000397118 1
0.997005 0.0772319 -0.00399186 -0.0770146 0.996244 0.0395711 0.00703302 -0.0391452 0.999209 -0.000409581 6.02088e-05 -0.000531553 1
0.997014 0.077124 -0.00389725 -0.07691 0.996251 0.0396194 0.00693824 -0.0392014 0.999207 -0.00033025 8.14638e-05 -0.000540148 1
0.996958 0.0778554 -0.00374535 -0.0776477 0.996198 0.0395027 0.00680661 -0.0390917 0.999212 -0.000896022 -2.4703e-05 -0.000727008 1
0.996906 0.0785024 -0.00400179 -0.0782826 0.99614 0.0397202 0.00710447 -0.0392841 0.999203 -0.00137871 -0.000164097 -0.000554611 1
0.996934 0.0781375 -0.00422527 -0.0779079 0.996162 0.0398954 0.00732638 -0.0394439 0.999195 -0.00104727 -0.000155407 -0.00039903 1
0.99693 0.0781999 -0.00399119 -0.0779789 0.996153 0.0399843 0.0071026 -0.0395503 0.999192 -0.00113134 -0.000176641 -0.000401633 1
0.996874 0.0789138 -0.00393924 -0.0786952 0.996102 0.0398537 0.00706889 -0.0394191 0.999198 -0.00166659 -0.000266747 -0.000552818 1
0.996868 0.0789975 -0.00369103 -0.0787885 0.996093 0.0398773 0.00682682 -0.0394616 0.999198 -0.00175017 -0.000290062 -0.00062207 1
0.996773 0.0801922 -0.00371367 -0.0799832 0.996009 0.0396007 0.00687452 -0.0391759 0.999209 -0.00265005 -0.000433307 -0.000867967 1
0.996759 0.0803746 -0.00348512 -0.0801753 0.995999 0.0394763 0.00664407 -0.0390689 0.999214 -0.0028112 -0.000413046 -0.00104775 1
0.996744 0.0805482 -0.00367904 -0.0803408 0.995983 0.0395276 0.00684814 -0.0391033 0.999212 -0.00289022 -0.000439201 -0.00101246 1
0.996764 0.0803025 -0.00362713 -0.0800959 0.995995 0.0397418 0.00680397 -0.0393227 0.999203 -0.00269606 -0.000434363 -0.00087716 1
0.996755 0.0804041 -0.00376752 -0.0801918 0.995986 0.0397626 0.00694947 -0.0393314 0.999202 -0.002746 -0.000443239 -0.000851666 1
0.996844 0.0793068 -0.00365651 -0.0790971 0.996059 0.0401356 0.00682512 -0.0397197 0.999188 -0.00190868 -0.000322623 -0.000613966 1
0.996862 0.0790722 -0.00375455 -0.0788586 0.996076 0.0401682 0.006916 -0.0397461 0.999186 -0.00170373 -0.000295503 -0.000603815 1
0.996888 0.078742 -0.00366283 -0.0785287 0.996081 0.0406968 0.00685303 -0.0402825 0.999165 -0.00144688 -0.000298755 -0.000237441 1
0.996908 0.0785025 -0.00351755 -0.0782946 0.996095 0.0407895 0.00670589 -0.0403879 0.999162 -0.0012876 -0.00028149 -0.000238406 1
0.996927 0.0782691 -0.003225 -0.0780721 0.996105 0.0409716 0.00641925 -0.0405939 0.999155 -0.00116494 -0.00026753 -0.000197332 1
0.996943 0.0780758 -0.00295286 -0.0778896 0.996117 0.0410388 0.00614553 -0.0406833 0.999153 -0.00105816 -0.000237771 -0.000234276 1
0.996977 0.0776509 -0.00276587 -0.0774705 0.996135 0.0413902 0.00596916 -0.0410508 0.999139 -0.000766119 -0.000197574 -2.26013e-05 1
0.996966 0.0778018 -0.0024352 -0.0776377 0.996143 0.040876 0.00560603 -0.0405629 0.999161 -0.000941568 -0.000160812 -0.000518315 1
0.996977 0.0776671 -0.00225341 -0.0775123 0.996167 0.0405406 0.00539344 -0.0402434 0.999175 -0.000839465 -6.32183e-05 -0.000833942 1
0.996992 0.0774825 -0.00193603 -0.0773413 0.996185 0.0404157 0.00506015 -0.0401444 0.999181 -0.000715032 -1.40658e-05 -0.000986438 1
0.996998 0.0774051 -0.00163615 -0.0772763 0.996193 0.0403576 0.0047538 -0.04011 0.999184 -0.000707131 2.12921e-05 -0.00110662 1
0.996964 0.0778488 -0.00120361 -0.0777393 0.996177 0.0398408 0.00430057 -0.0396263 0.999205 -0.00111644 3.47598e-05 -0.00160541 1
0.996988 0.0775543 -0.00100358 -0.077453 0.9962 0.039821 0.00408806 -0.0396233 0.999206 -0.000921495 9.8276e-05 -0.00167262 1
0.997016 0.0771883 -0.000814865 -0.0770927 0.996207 0.0403544 0.00392666 -0.0401712 0.999185 -0.00070311 8.53658e-05 -0.0013094 1
0.997004 0.0773435 -0.000605402 -0.0772559 0.996192 0.0404125 0.00372874 -0.0402446 0.999183 -0.00089879 8.50181e-05 -0.0013521 1
0.997029 0.077021 -0.000442425 -0.0769405 0.996218 0.0403592 0.00354926 -0.0402053 0.999185 -0.000685728 0.000160606 -0.00143584 1
0.997049 0.0767739 -6.1517e-05 -0.0767086 0.996233 0.0404426 0.00316622 -0.0403185 0.999182 -0.000580857 0.000213934 -0.00146398 1
0.997082 0.0763374 0.000499995 -0.0762953 0.996267 0.0403869 0.0025849 -0.0403072 0.999184 -0.000365024 0.000323773 -0.00163446 1
0.997112 0.0759281 0.00132487 -0.0759202 0.996311 0.0400026 0.00171734 -0.0399877 0.999199 -0.000213213 0.000473677 -0.00211369 1
0.997118 0.0758557 0.00125147 -0.0758453 0.996325 0.0398076 0.00177276 -0.0397878 0.999207 -0.000184844 0.000553924 -0.00227033 1
0.99714 0.0755497 0.00175646 -0.0755597 0.996349 0.0397507 0.00125311 -0.0397697 0.999208 -8.7051e-05 0.000649516 -0.00242895 1
0.997187 0.0749185 0.00212046 -0.0749434 0.996393 0.0398161 0.000870156 -0.039863 0.999205 0.000275512 0.00077573 -0.00247437 1
0.997241 0.0741917 0.00230691 -0.0742245 0.996438 0.040036 0.000671648 -0.0400968 0.999196 0.000754293 0.000895431 -0.00235228 1
0.997245 0.0741394 0.00224681 -0.0741697 0.996438 0.0401343 0.000736731 -0.0401904 0.999192 0.000723177 0.00091039 -0.0022753 1
0.997322 0.073085 0.00271704 -0.0731351 0.996508 0.0402829 0.00023653 -0.0403738 0.999185 0.00138918 0.00107593 -0.0022713 1
0.997379 0.0723008 0.00280368 -0.072355 0.996557 0.0404742 0.000132288 -0.040571 0.999177 0.00189633 0.00122771 -0.00220125 1
0.997427 0.0716238 0.00304742 -0.0716885 0.996601 0.0405746 -0.000130951 -0.0406887 0.999172 0.00229287 0.00135981 -0.00219802 1
0.997365 0.0724908 0.00285638 -0.072547 0.99654 0.0405492 9.29422e-05 -0.0406496 0.999173 0.00154296 0.00127663 -0.00220921 1
0.997427 0.0716259 0.00312936 -0.0716939 0.9966 0.0406012 -0.000210629 -0.040721 0.999171 0.00207892 0.00145589 -0.00227947 1
0.997471 0.0709721 0.00391212 -0.0710726 0.996643 0.0406364 -0.00101494 -0.0408116 0.999166 0.00238357 0.00160504 -0.00237943 1
0.997507 0.0704482 0.0041342 -0.0705583 0.996676 0.0407218 -0.00125168 -0.040912 0.999162 0.00265131 0.00169167 -0.00234608 1
0.997563 0.069653 0.00417903 -0.0697661 0.996715 0.0411212 -0.00130109 -0.0413125 0.999145 0.00314692 0.00180866 -0.00207793 1
0.997746 0.0669128 0.00515438 -0.0670684 0.996903 0.0410613 -0.00239089 -0.0413144 0.999143 0.00503517 0.00229349 -0.00232063 1
0.997801 0.0660567 0.00546612 -0.0662265 0.996951 0.0412566 -0.00272418 -0.0415279 0.999134 0.00551378 0.00244556 -0.00222318 1
0.997851 0.0653137 0.00532969 -0.0654789 0.996993 0.0414478 -0.00260655 -0.0417077 0.999126 0.00596312 0.00257764 -0.00211139 1
0.997899 0.0645431 0.00572348 -0.0647256 0.997041 0.0414826 -0.00302912 -0.0417659 0.999123 0.00637806 0.00274885 -0.00217403 1
0.997904 0.0644025 0.00633424 -0.0646092 0.997064 0.0411015 -0.0036686 -0.0414246 0.999135 0.00627631 0.00286581 -0.00257209 1
0.997897 0.0645173 0.006296 -0.0647228 0.997051 0.0412399 -0.00361674 -0.0415607 0.999129 0.00604175 0.00286934 -0.00248097 1
0.99793 0.0639573 0.00674496 -0.0641821 0.997085 0.0412634 -0.0040862 -0.0416109 0.999126 0.00628839 0.00302331 -0.00255763 1
0.997993 0.0629221 0.00710589 -0.0631629 0.997148 0.0413084 -0.00448641 -0.0416743 0.999121 0.00691189 0.00326155 -0.00260064 1
0.998062 0.0617518 0.00767096 -0.0620179 0.997214 0.0414501 -0.00508996 -0.0418455 0.999111 0.00759959 0.00353663 -0.00258354 1
0.998205 0.0593763 0.00783433 -0.0596534 0.997341 0.0418527 -0.00532844 -0.0422449 0.999093 0.00928178 0.00398816 -0.0023359 1
0.998281 0.0579811 0.0085035 -0.0582883 0.997418 0.0419509 -0.00604918 -0.0423744 0.999083 0.0100993 0.0043093 -0.00240671 1
0.998381 0.0561606 0.00904079 -0.0564929 0.997517 0.0420541 -0.00665656 -0.0424967 0.999074 0.0112653 0.00470668 -0.00245106 1
0.998463 0.0545723 0.00969618 -0.0549343 0.997601 0.042125 -0.00737407 -0.0425929 0.999065 0.0122128 0.0050871 -0.00254309 1
0.998581 0.0522837 0.0101415 -0.0526667 0.997723 0.0421244 -0.00791603 -0.0425988 0.999061 0.0137278 0.00559266 -0.00268116 1
0.998684 0.0500645 0.0111352 -0.0504915 0.997836 0.0421157 -0.00900259 -0.0426225 0.999051 0.0150784 0.00610766 -0.00292735 1
0.998806 0.0473908 0.011854 -0.0478505 0.997967 0.0420883 -0.00983536 -0.0426053 0.999044 0.0168135 0.00675111 -0.00311907 1
0.998917 0.0447664 0.0126594 -0.0452583 0.998105 0.0416845 -0.0107694 -0.0422123 0.999051 0.0184772 0.0074662 -0.00363151 1
0.99905 0.041424 0.0135446 -0.0419536 0.998258 0.0414862 -0.0118025 -0.042015 0.999047 0.0206594 0.00829806 -0.00404366 1
0.999179 0.0378626 0.0144241 -0.0384331 0.998396 0.0415716 -0.0128269 -0.0420918 0.999031 0.0229705 0.00916896 -0.00424532 1
0.999285 0.0345972 0.0152629 -0.0352007 0.99853 0.0412227 -0.0138142 -0.0417305 0.999033 0.02503 0.010072 -0.00477319 1
0.999401 0.0304689 0.0163934 -0.031122 0.998667 0.0411791 -0.0151169 -0.0416647 0.999017 0.0276845 0.011083 -0.00516673 1
0.999539 0.0246793 0.0176789 -0.0253966 0.998813 0.0415676 -0.0166321 -0.0419974 0.998979 0.0315389 0.0123766 -0.00528822 1
0.999624 0.0196513 0.0191477 -0.0204402 0.998912 0.0419119 -0.0183033 -0.0422876 0.998938 0.0347637 0.0135128 -0.00544314 1
0.999658 0.0154435 0.0211015 -0.016317 0.99899 0.0418666 -0.0204336 -0.0421966 0.9989 0.0372657 0.0145024 -0.00598422 1
0.999683 0.010341 0.0229501 -0.0113021 0.999047 0.0421515 -0.0224924 -0.0423975 0.998848 0.0404896 0.0155976 -0.00626493 1
0.999681 0.00527594 0.0247185 -0.00632165 0.99908 0.0424194 -0.024472 -0.0425621 0.998794 0.0437275 0.0166871 -0.00655747 1
0.999653 0.000710476 0.0263318 -0.00184357 0.999072 0.0430323 -0.0262768 -0.0430659 0.998727 0.0466381 0.0175909 -0.00654836 1
0.999607 -0.00491612 0.0275871 0.00371565 0.999051 0.0433994 -0.0277742 -0.0432798 0.998677 0.0504998 0.0187029 -0.00668592 1
0.999519 -0.0108092 0.0290843 0.00951297 0.998971 0.0443432 -0.0295337 -0.0440452 0.998593 0.0545961 0.0197736 -0.00646752 1
0.999393 -0.017001 0.0303957 0.0156028 0.998835 0.0456608 -0.0311366 -0.0451588 0.998494 0.0590337 0.0207794 -0.00591605 1
0.999182 -0.0249197 0.0318518 0.0234071 0.99862 0.047009 -0.0329793 -0.046225 0.998387 0.0648418 0.0220803 -0.00542048 1
0.998913 -0.0327214 0.0331839 0.0310958 0.998345 0.048376 -0.0347119 -0.0472915 0.998278 0.0706989 0.0232235 -0.00487979 1
0.998561 -0.0409474 0.0346319 0.0391952 0.997988 0.049842 -0.0366031 -0.0484128 0.998157 0.0769399 0.0243703 -0.00435589 1
0.998091 -0.0504229 0.0356502 0.048563 0.997505 0.0512421 -0.038145 -0.0494131 0.99805 0.0843194 0.0257052 -0.00382911 1
0.997542 -0.0596006 0.0368352 0.0576241 0.996953 0.0525748 -0.0398565 -0.050323 0.997937 0.0915777 0.0268996 -0.00344021 1
0.997066 -0.0666761 0.0375963 0.0645948 0.996444 0.0540935 -0.0410694 -0.0515063 0.997828 0.0975002 0.0274405 -0.00274989 1
0.996449 -0.0746059 0.039034 0.0723568 0.995796 0.0561674 -0.0430604 -0.0531436 0.997658 0.104059 0.0280901 -0.00193392 1
0.995948 -0.0801756 0.040735 0.0777456 0.995279 0.0580939 -0.0452004 -0.0546915 0.99748 0.108974 0.0281282 -0.00115923 1
0.995565 -0.0838075 0.042747 0.0811767 0.994895 0.0599554 -0.0475535 -0.0562195 0.997285 0.11263 0.0276129 -0.000486257 1
0.995231 -0.0865049 0.0450715 0.0836506 0.994579 0.0617727 -0.0501708 -0.0577078 0.997072 0.115676 0.026798 0.000128507 1
0.994972 -0.0880291 0.0477604 0.0849482 0.994385 0.0631012 -0.053047 -0.0587268 0.996864 0.117914 0.0257118 0.000313366 1
0.995156 -0.084592 0.0500808 0.0813816 0.99469 0.0630057 -0.0551446 -0.0586248 0.996756 0.116778 0.0234632 -0.000165253 1
0.995322 -0.0811628 0.0524067 0.0778098 0.994967 0.0631307 -0.0572668 -0.0587577 0.996628 0.115796 0.0211962 -0.000462779 1
0.99557 -0.0765614 0.0545824 0.0730832 0.995328 0.0631016 -0.0591585 -0.058833 0.996513 0.114007 0.0186394 -0.000737567 1
0.995992 -0.0696595 0.056109 0.0661185 0.995842 0.0626703 -0.0602412 -0.0587092 0.996456 0.110728 0.015616 -0.000991063 1
0.996415 -0.062397 0.057126 0.0588001 0.996304 0.0626181 -0.060822 -0.0590346 0.996401 0.107328 0.0125538 -0.000755213 1
0.996748 -0.0560719 0.0578684 0.0524333 0.996661 0.0625895 -0.0611846 -0.0593517 0.99636 0.104709 0.00978175 -0.000442412 1
0.997096 -0.0494594 0.0579045 0.0458094 0.996977 0.0627509 -0.0608331 -0.0599161 0.996348 0.101999 0.0069655 0.000172413 1
0.997478 -0.0410815 0.0578719 0.0374698 0.997362 0.0621688 -0.0602732 -0.0598436 0.996386 0.0980944 0.00399207 0.000435399 1
0.99776 -0.0332399 0.0580515 0.0296141 0.997622 0.0622396 -0.0599823 -0.060381 0.996372 0.0945993 0.00118624 0.00113991 1
0.998051 -0.0235861 0.0577805 0.0200376 0.997922 0.0612411 -0.0591049 -0.059964 0.996449 0.08987 -0.00177642 0.00126038 1
0.998263 -0.0134605 0.057357 0.00999948 0.998136 0.0602076 -0.0580605 -0.0595295 0.996537 0.0848432 -0.00469494 0.00143173 1
0.998393 -0.00131645 0.0566513 -0.00202343 0.998264 0.0588572 -0.0566305 -0.0588772 0.996658 0.0783482 -0.00777251 0.00155492 1
0.998411 0.0101501 0.0554278 -0.0133568 0.998239 0.0577943 -0.0547436 -0.0584428 0.996789 0.0724007 -0.0106227 0.00191858 1
0.998357 0.0211606 0.053242 -0.0241202 0.998163 0.055572 -0.0519683 -0.0567649 0.997034 0.0668938 -0.0130955 0.00151933 1
0.998218 0.0304502 0.0513266 -0.0332132 0.997996 0.0538682 -0.0495834 -0.0554769 0.997228 0.0625966 -0.0151641 0.0013488 1
0.99797 0.0399029 0.0496334 -0.0424907 0.997731 0.0522246 -0.0474368 -0.0542275 0.997401 0.0580435 -0.0171172 0.00114605 1
0.997716 0.0478565 0.0476717 -0.0502514 0.997465 0.050375 -0.0451401 -0.0526555 0.997592 0.0546349 -0.0187171 0.000766976 1
0.997392 0.0557556 0.0458344 -0.057973 0.997136 0.0485615 -0.0429956 -0.051092 0.997768 0.051123 -0.0201885 0.000356896 1
0.996921 0.0644543 0.0446545 -0.0665426 0.996677 0.0469741 -0.0414784 -0.0498009 0.997897 0.046807 -0.021725 2.40476e-05 1
0.996355 0.0733734 0.0435048 -0.0753463 0.996115 0.0455884 -0.0399908 -0.0487001 0.998013 0.0422022 -0.0232546 -0.000164011 1
0.995758 0.0816899 0.0423305 -0.0835583 0.995512 0.0444267 -0.0385113 -0.0477753 0.998115 0.0379559 -0.024658 -0.000219161 1
0.99514 0.0894804 0.0411107 -0.0912535 0.994878 0.0434901 -0.0370086 -0.0470303 0.998208 0.0339653 -0.0259697 -0.000153393 1
0.994521 0.0964312 0.0403655 -0.0981334 0.994263 0.0425545 -0.0360303 -0.0462825 0.998278 0.0304262 -0.0271319 -0.000202887 1
0.993925 0.102647 0.0397185 -0.104291 0.993668 0.041809 -0.0351754 -0.0456973 0.998336 0.0273405 -0.028201 -0.000156373 1
0.993367 0.108086 0.0392415 -0.109677 0.993123 0.0409533 -0.0345452 -0.0449855 0.99839 0.0247017 -0.0290853 -0.000284518 1
0.992854 0.112961 0.0384754 -0.114488 0.992615 0.0401026 -0.0336613 -0.044221 0.998455 0.0224321 -0.0299325 -0.00039253 1
0.992397 0.116923 0.0384309 -0.118415 0.992193 0.039123 -0.0335565 -0.0433763 0.998495 0.0206813 -0.0306161 -0.00075292 1
0.991963 0.120686 0.0380069 -0.122128 0.991778 0.0382215 -0.0330816 -0.0425561 0.998546 0.0190555 -0.0312863 -0.00102381 1
0.991343 0.125801 0.0375966 -0.127178 0.991196 0.0368132 -0.0326345 -0.0412759 0.998615 0.0162648 -0.0320172 -0.00165196 1
0.990989 0.128787 0.036799 -0.130114 0.990835 0.0362821 -0.031789 -0.0407432 0.998664 0.0151996 -0.032675 -0.00164686 1
0.990757 0.130737 0.036173 -0.132017 0.990608 0.0355944 -0.0311798 -0.0400408 0.998711 0.0148347 -0.0331892 -0.00182694 1
0.99035 0.133923 0.0356616 -0.135166 0.990201 0.0350924 -0.0306125 -0.039574 0.998748 0.0134205 -0.0338743 -0.00184164 1
0.990057 0.13623 0.0350474 -0.137436 0.989903 0.0346856 -0.0299683 -0.0391575 0.998784 0.0126723 -0.0344604 -0.00183933 1
0.989969 0.137032 0.0344092 -0.138223 0.989783 0.0349885 -0.0292631 -0.0393936 0.998795 0.013076 -0.0350425 -0.00133936 1
0.989557 0.140037 0.0341628 -0.141204 0.989378 0.0345337 -0.028964 -0.038997 0.998819 0.011588 -0.0357201 -0.00141551 1
0.988972 0.144171 0.0339125 -0.145314 0.988799 0.0340751 -0.02862 -0.0386273 0.998844 0.00919408 -0.0364705 -0.00145462 1
0.988675 0.146135 0.0341561 -0.147293 0.988499 0.0342592 -0.0287568 -0.0389022 0.998829 0.00841002 -0.0371147 -0.00110024 1
0.988285 0.148915 0.0334189 -0.150041 0.988089 0.0341714 -0.0279322 -0.0387853 0.998857 0.00708723 -0.0378081 -0.000857894 1
0.987948 0.151196 0.0331569 -0.1523 0.987757 0.0337651 -0.0276458 -0.038408 0.99888 0.00604258 -0.038369 -0.000959963 1
0.987693 0.152916 0.0328657 -0.154 0.987504 0.0334665 -0.0273374 -0.038116 0.998899 0.00540135 -0.0388912 -0.000992902 1
0.987589 0.153644 0.0325886 -0.154715 0.987396 0.0333643 -0.0270517 -0.0379921 0.998912 0.00549046 -0.0393376 -0.000944525 1
0.987329 0.155426 0.0320022 -0.156455 0.987145 0.0326526 -0.0265158 -0.0372458 0.998954 0.00471664 -0.0397528 -0.00134449 1
0.98702 0.157348 0.0321421 -0.158357 0.986873 0.0316952 -0.026733 -0.0363737 0.998981 0.00363969 -0.0401046 -0.00198191 1
0.98685 0.158445 0.031973 -0.159434 0.986716 0.0311775 -0.0266084 -0.0358651 0.999002 0.00323551 -0.0404175 -0.00225828 1
0.986624 0.159862 0.0318841 -0.160833 0.986506 0.0306347 -0.0265565 -0.0353529 0.999022 0.00252031 -0.040716 -0.00255888 1
0.986505 0.160609 0.0318334 -0.161555 0.986414 0.0297894 -0.0266165 -0.0345303 0.999049 0.0022959 -0.0408577 -0.00312731 1
0.986304 0.161853 0.031736 -0.162774 0.986238 0.0289753 -0.0266095 -0.0337443 0.999076 0.00165332 -0.0410624 -0.00363355 1
0.986494 0.160601 0.0321864 -0.161545 0.986432 0.0292307 -0.0270553 -0.0340355 0.999054 0.00287085 -0.0412221 -0.00339824 1
0.986417 0.161032 0.0323958 -0.161963 0.986384 0.0285419 -0.0273586 -0.0334011 0.999068 0.00275879 -0.041328 -0.00386467 1
0.986322 0.161529 0.0328332 -0.162457 0.986322 0.0278688 -0.0278825 -0.0328215 0.999072 0.00252062 -0.0414097 -0.00433914 1
0.986179 0.162318 0.0332295 -0.163248 0.986202 0.0274882 -0.0283092 -0.032533 0.99907 0.00201129 -0.0415773 -0.00458574 1
0.986253 0.161752 0.0337838 -0.162699 0.986294 0.0274434 -0.0288817 -0.0325627 0.999052 0.00252558 -0.0416217 -0.00463329 1
0.986034 0.163058 0.0339028 -0.163977 0.986112 0.0263414 -0.0291368 -0.0315328 0.999078 0.00162141 -0.0416352 -0.00545581 1
0.986025 0.163033 0.0342826 -0.163952 0.986127 0.0259324 -0.0295792 -0.0311907 0.999076 0.00167911 -0.0416506 -0.00578159 1
0.986025 0.162944 0.0346949 -0.163865 0.986151 0.0255813 -0.0300461 -0.030909 0.99907 0.00175399 -0.0416644 -0.00608257 1
0.986062 0.162636 0.0350853 -0.163558 0.986211 0.0252164 -0.0305004 -0.0306034 0.999066 0.0019868 -0.0416426 -0.00639845 1
0.985988 0.162998 0.0354832 -0.163905 0.986175 0.0243572 -0.0310225 -0.0298318 0.999073 0.00165167 -0.0415882 -0.00711543 1
0.986188 0.161669 0.0360161 -0.16259 0.986394 0.024299 -0.0315977 -0.0298193 0.999056 0.00260986 -0.0415052 -0.00723469 1
0.986186 0.16151 0.0367618 -0.162448 0.986422 0.0241223 -0.0323667 -0.029761 0.999033 0.00259506 -0.0414504 -0.00743861 1
0.986403 0.160087 0.0371616 -0.161025 0.986665 0.0237535 -0.0328634 -0.0294145 0.999027 0.00360935 -0.0412662 -0.00782211 1
0.986615 0.158654 0.0376767 -0.159598 0.986903 0.023486 -0.0334571 -0.0291848 0.999014 0.00458212 -0.0410648 -0.00814941 1
0.986925 0.156644 0.0379564 -0.15759 0.987229 0.0233244 -0.033818 -0.029001 0.999007 0.00603392 -0.0408072 -0.00838556 1
0.987026 0.155846 0.0386231 -0.156796 0.987365 0.0229093 -0.0345648 -0.028668 0.998991 0.00643665 -0.0405697 -0.00885917 1
0.987422 0.153195 0.0390978 -0.154149 0.987788 0.0226489 -0.0351506 -0.0283909 0.998979 0.00828244 -0.0402018 -0.00926325 1
0.987859 0.15022 0.0396151 -0.151205 0.988232 0.0231305 -0.0356742 -0.0288396 0.998947 0.0103596 -0.0399112 -0.00908568 1
0.988197 0.147786 0.0403101 -0.14879 0.988598 0.0231448 -0.03643 -0.0288694 0.998919 0.011956 -0.0395441 -0.00928152 1
0.988512 0.145429 0.041161 -0.146458 0.988946 0.0231642 -0.0373373 -0.0289264 0.998884 0.0134536 -0.0391331 -0.00947833 1
0.988928 0.142466 0.0415223 -0.143497 0.989384 0.0229877 -0.0378065 -0.0286915 0.998873 0.0154621 -0.03865 -0.00982467 1
0.989336 0.139446 0.0420702 -0.140492 0.989815 0.0229985 -0.0384347 -0.0286637 0.99885 0.0174761 -0.0381769 -0.0100494 1
0.989545 0.137598 0.0432165 -0.13865 0.990089 0.0223514 -0.0397127 -0.0281096 0.998816 0.0184324 -0.0376685 -0.0108024 1
0.989969 0.134268 0.0439771 -0.135346 0.990542 0.02253 -0.0405361 -0.0282561 0.998778 0.0206305 -0.037133 -0.010901 1
0.990396 0.130929 0.0444327 -0.132016 0.990993 0.0224682 -0.0410908 -0.0281182 0.99876 0.0228578 -0.036594 -0.0112193 1
0.990819 0.127446 0.0451218 -0.128552 0.991447 0.0225256 -0.0418651 -0.0281194 0.998727 0.0251809 -0.0360154 -0.0114421 1
0.991147 0.124684 0.045631 -0.125809 0.991795 0.022678 -0.042429 -0.0282181 0.998701 0.026959 -0.035503 -0.0115796 1
0.99157 0.121246 0.0457052 -0.122381 0.992219 0.0229127 -0.0425714 -0.028313 0.998692 0.0293507 -0.0349144 -0.01163 1
0.991918 0.118317 0.0458195 -0.119467 0.992566 0.0232282 -0.0427306 -0.0285144 0.99868 0.0312909 -0.0344111 -0.0116467 1
0.992276 0.115037 0.0464174 -0.116225 0.992939 0.0237466 -0.0433579 -0.0289581 0.99864 0.0334176 -0.0338648 -0.0115537 1
0.992662 0.111424 0.0469759 -0.112667 0.993326 0.0246829 -0.0439121 -0.0297944 0.998591 0.0357851 -0.0333287 -0.0111539 1
0.993061 0.107407 0.0479016 -0.108708 0.993749 0.0254196 -0.0448719 -0.0304505 0.998529 0.038379 -0.0326937 -0.0109754 1
0.993451 0.103247 0.0489492 -0.10463 0.994156 0.0265842 -0.0459184 -0.0315317 0.998447 0.041035 -0.0320823 -0.0105306 1
0.993872 0.0984251 0.0503051 -0.0999103 0.994605 0.0279089 -0.0472868 -0.0327638 0.998344 0.0441387 -0.0313944 -0.0100366 1
0.994342 0.0929488 0.0514296 -0.0945665 0.995067 0.0299642 -0.0483908 -0.0346582 0.998227 0.0477627 -0.030717 -0.00897888 1
0.994747 0.0876888 0.0528168 -0.0894526 0.995477 0.0320072 -0.0497712 -0.0365637 0.998091 0.0511534 -0.0300309 -0.00799492 1
0.995152 0.0821656 0.0540578 -0.0840968 0.995861 0.0344729 -0.0510016 -0.0388518 0.997943 0.0547417 -0.029336 -0.006689 1
0.99555 0.0763129 0.0552811 -0.0784253 0.996229 0.0371041 -0.0522411 -0.0412745 0.997781 0.0585512 -0.0285915 -0.00526226 1
0.995914 0.0703972 0.0565597 -0.072695 0.996566 0.0396488 -0.0535743 -0.0435984 0.997612 0.0623631 -0.0277882 -0.00391844 1
0.996185 0.0650541 0.0581737 -0.067535 0.996843 0.0417475 -0.0552742 -0.045517 0.997433 0.0656397 -0.0269632 -0.00296208 1
0.996456 0.0590819 0.0598734 -0.0617502 0.997133 0.0437399 -0.0571175 -0.0472821 0.997247 0.0693555 -0.026006 -0.00211671 1
0.996686 0.0530049 0.0617074 -0.0558433 0.997415 0.0452203 -0.059151 -0.0485164 0.997069 0.0731126 -0.0249407 -0.00165268 1
0.996876 0.0471328 0.0633738 -0.0500813 0.997696 0.0457701 -0.0610705 -0.048801 0.99694 0.076727 -0.0237487 -0.0017984 1
0.996981 0.0419317 0.0653528 -0.0449241 0.997976 0.0450118 -0.063333 -0.0478118 0.996847 0.0797789 -0.0224417 -0.00290022 1
0.997063 0.0368929 0.0671145 -0.039824 0.998287 0.0428719 -0.0654178 -0.0454187 0.996824 0.0827527 -0.0209304 -0.00489505 1
0.997109 0.0325877 0.0686486 -0.0353084 0.998623 0.0387989 -0.0672897 -0.0411106 0.996886 0.0852036 -0.019229 -0.00814018 1
0.997062 0.0301295 0.0704255 -0.0324661 0.998952 0.0322729 -0.0693793 -0.0344645 0.996995 0.0862203 -0.0174288 -0.0130626 1
0.996978 0.0280071 0.0724652 -0.0298077 0.99927 0.0238861 -0.0717434 -0.0259739 0.997085 0.0869696 -0.0153379 -0.0192791 1
0.996845 0.0277702 0.0743541 -0.0288182 0.999499 0.0130591 -0.0739542 -0.0151606 0.997146 0.0863122 -0.0131018 -0.0270373 1
0.996708 0.0275952 0.0762362 -0.0277721 0.999613 0.00126145 -0.076172 -0.00337454 0.997089 0.0856725 -0.0106435 -0.035372 1
0.996603 0.0267644 0.0778871 -0.0259922 0.999603 -0.0109113 -0.0781482 0.00884973 0.996902 0.0856159 -0.00791245 -0.0438692 1
0.996611 0.0238822 0.078713 -0.0221944 0.999506 -0.0222491 -0.0792055 0.0204268 0.996649 0.0873048 -0.00490565 -0.0515824 1
0.996651 0.0217716 0.0788206 -0.0192331 0.999276 -0.0328236 -0.0794782 0.0311977 0.996348 0.0885049 -0.00212318 -0.0585348 1
0.996763 0.0189059 0.0781429 -0.0157035 0.999019 -0.0413951 -0.0788489 0.040034 0.996082 0.0903916 0.000431624 -0.06392 1
0.996918 0.0155479 0.0768922 -0.0118462 0.998759 -0.0483654 -0.0775488 0.0473055 0.995866 0.0926428 0.00281084 -0.0680854 1
0.997088 0.0135593 0.075046 -0.00956407 0.99853 -0.0533423 -0.075659 0.0524692 0.995752 0.0938522 0.00454832 -0.0707289 1
0.997284 0.0115219 0.0727435 -0.00746265 0.998412 -0.0558297 -0.0732713 0.0551352 0.995787 0.0950534 0.00578697 -0.0715856 1
0.997495 0.0078845 0.0702978 -0.00394448 0.998422 -0.0560111 -0.0706285 0.0555935 0.995952 0.0973954 0.00686037 -0.0709175 1
0.997678 0.00636543 0.0678155 -0.00263955 0.998489 -0.0548899 -0.0680624 0.0545834 0.996187 0.0979912 0.00732378 -0.0693392 1
0.997867 0.00514502 0.0650746 -0.00174815 0.998638 -0.0521492 -0.0652543 0.0519243 0.996517 0.0982947 0.0074386 -0.0666396 1
0.998031 0.00326665 0.0626311 -0.000235019 0.99883 -0.048351 -0.0627158 0.0482411 0.996865 0.0989303 0.00754091 -0.0633299 1
0.998174 0.00153098 0.0603885 0.00113905 0.999024 -0.044155 -0.0603972 0.0441432 0.997198 0.0992827 0.00764203 -0.0598486 1
0.998272 0.000119064 0.0587576 0.00223253 0.999199 -0.0399547 -0.0587153 0.0400168 0.997472 0.0991639 0.00780861 -0.0565155 1
0.99835 -0.00562596 0.0571423 0.0076379 0.999356 -0.0350522 -0.0569083 0.0354308 0.997751 0.102239 0.00876174 -0.0527985 1
0.998357 -0.0116081 0.0561101 0.0133332 0.999447 -0.0304697 -0.0557254 0.0311678 0.99796 0.105284 0.00994778 -0.049476 1
0.998277 -0.0186429 0.0556328 0.0201294 0.999452 -0.0262792 -0.0551124 0.0273538 0.998105 0.108946 0.0115213 -0.0466025 1
0.998138 -0.025423 0.0554469 0.0267315 0.999378 -0.0229869 -0.0548281 0.0244262 0.998197 0.112296 0.0133203 -0.0444615 1
0.997923 -0.0327323 0.0554789 0.0338895 0.999224 -0.0200483 -0.0547797 0.0218869 0.998259 0.115963 0.015391 -0.042663 1
0.997648 -0.0399867 0.0556686 0.0410078 0.999009 -0.017323 -0.0549207 0.0195651 0.998299 0.119515 0.0175364 -0.0411022 1
0.997239 -0.0483354 0.0563792 0.0492533 0.998674 -0.0150061 -0.0555791 0.0177415 0.998297 0.123767 0.0200936 -0.040021 1
0.996743 -0.0567263 0.0573135 0.0575588 0.998258 -0.01298 -0.0564773 0.0162366 0.998272 0.127988 0.0228079 -0.039244 1
0.99611 -0.0656987 0.0587168 0.0664511 0.99773 -0.0109525 -0.057864 0.0148117 0.998215 0.132541 0.0257242 -0.0386489 1
0.99546 -0.0740843 0.0597558 0.0747578 0.99716 -0.00911196 -0.0589111 0.0135378 0.998171 0.136695 0.0285782 -0.0380994 1
0.994729 -0.0820429 0.0615044 0.0826452 0.996552 -0.00730978 -0.0606926 0.0123543 0.99808 0.14039 0.0314325 -0.0377777 1
0.994035 -0.0893374 0.0625483 0.0898733 0.995936 -0.00580215 -0.0617758 0.011389 0.998025 0.143669 0.0341922 -0.0374817 1
0.993309 -0.0966886 0.0631486 0.0971396 0.995262 -0.00410324 -0.0624527 0.01021 0.997996 0.147063 0.0369573 -0.0369426 1
0.992562 -0.103778 0.0636478 0.104142 0.99456 -0.00241494 -0.0630509 0.00902537 0.99797 0.150259 0.0396823 -0.036392 1
0.991842 -0.110318 0.0638655 0.110585 0.993866 -0.000638736 -0.0634034 0.00769608 0.997958 0.153057 0.042247 -0.03573 1
0.991017 -0.117634 0.0636134 0.117816 0.993035 0.000888257 -0.0632748 0.0066144 0.997974 0.156522 0.0450592 -0.0351685 1
0.990175 -0.12458 0.0635092 0.124659 0.992196 0.00272713 -0.0633533 0.00521667 0.997978 0.159709 0.0477202 -0.0344228 1
0.989191 -0.132199 0.0634325 0.132181 0.991215 0.00451009 -0.0634715 0.0039232 0.997976 0.16337 0.0506303 -0.0338229 1
0.988202 -0.139446 0.0633419 0.139314 0.990227 0.00651353 -0.0636311 0.00238773 0.997971 0.166772 0.0534 -0.0330695 1
0.987027 -0.147465 0.0634983 0.147203 0.989067 0.00880686 -0.0641028 0.000654539 0.997943 0.17075 0.0563668 -0.0322492 1
0.985988 -0.154121 0.0638341 0.153712 0.988051 0.011303 -0.0648134 -0.00133255 0.997897 0.173707 0.0589023 -0.0313232 1
0.984938 -0.16044 0.0644649 0.159853 0.987039 0.0141944 -0.0659067 -0.00367562 0.997819 0.176404 0.061221 -0.0302349 1
0.984166 -0.164776 0.0653162 0.164023 0.986314 0.0167619 -0.0671842 -0.00578314 0.997724 0.177672 0.0629247 -0.0293477 1
0.983252 -0.169888 0.0659836 0.168949 0.98543 0.0196059 -0.068353 -0.00812968 0.997628 0.179609 0.0647695 -0.0282644 1
0.982429 -0.174329 0.0666532 0.173214 0.984634 0.0221984 -0.0694988 -0.0102631 0.997529 0.181099 0.0664056 -0.0273169 1
0.981614 -0.178633 0.0672566 0.177357 0.983841 0.0245425 -0.0705538 -0.0121629 0.997434 0.182565 0.0679942 -0.0264832 1
0.980889 -0.182408 0.0677087 0.181005 0.983129 0.0263488 -0.0713726 -0.0135896 0.997357 0.183731 0.0695025 -0.025932 1
0.980124 -0.186323 0.0681257 0.184805 0.982376 0.0280082 -0.0721436 -0.0148615 0.997284 0.185029 0.0710619 -0.0254429 1
0.979826 -0.187606 0.0688786 0.186035 0.982127 0.0286002 -0.0730131 -0.0152094 0.997215 0.184381 0.0719178 -0.0255939 1
0.97946 -0.189122 0.0699389 0.187533 0.981839 0.0286907 -0.0740948 -0.0149856 0.997139 0.183857 0.0729488 -0.0261907 1
0.978939 -0.191579 0.0705345 0.189971 0.981364 0.0289058 -0.0747578 -0.0148975 0.99709 0.184099 0.0742676 -0.0265235 1
0.978197 -0.195245 0.0707824 0.193654 0.980649 0.0287414 -0.0750243 -0.0144074 0.997078 0.185234 0.076066 -0.0270615 1
0.977487 -0.198746 0.0708415 0.197172 0.979951 0.0286302 -0.0751113 -0.0140177 0.997077 0.186255 0.0778025 -0.0274657 1
0.976476 -0.203674 0.0707866 0.20209 0.978939 0.0289361 -0.0751894 -0.0139502 0.997072 0.188275 0.0799846 -0.0276054 1
0.975517 -0.208238 0.0707378 0.206621 0.977975 0.02954 -0.0753312 -0.0142009 0.997057 0.189949 0.081988 -0.0274942 1
0.974401 -0.213385 0.0707742 0.211745 0.976864 0.0300072 -0.0755399 -0.014253 0.997041 0.191936 0.0842389 -0.0276228 1
0.973311 -0.218141 0.0712822 0.216426 0.975805 0.0310454 -0.0763298 -0.0147895 0.996973 0.193487 0.0862904 -0.0275129 1
0.971919 -0.224002 0.0720891 0.222185 0.974466 0.0324105 -0.0775083 -0.0154833 0.996871 0.195693 0.088698 -0.0274019 1
0.970409 -0.230283 0.0726314 0.228331 0.972982 0.0342284 -0.0785512 -0.0166315 0.996771 0.198183 0.0912271 -0.026991 1
0.968653 -0.237397 0.0731725 0.235283 0.971245 0.0363925 -0.0797079 -0.0180355 0.996655 0.201213 0.0940476 -0.0264549 1
0.967105 -0.243377 0.0739935 0.241058 0.969729 0.0389386 -0.0812304 -0.019821 0.996498 0.20335 0.0964465 -0.0257115 1
0.965432 -0.249716 0.0747163 0.247183 0.968076 0.041578 -0.0827138 -0.0216721 0.996338 0.205734 0.0989944 -0.0249346 1
0.963842 -0.255698 0.0750158 0.252944 0.966465 0.0443308 -0.0838355 -0.023753 0.996196 0.207939 0.101449 -0.023904 1
0.962208 -0.261726 0.0751977 0.258771 0.964803 0.0468307 -0.0848077 -0.0256018 0.996068 0.210191 0.103992 -0.0229901 1
0.960998 -0.265958 0.0758239 0.262802 0.963599 0.0491173 -0.086127 -0.0272749 0.995911 0.211129 0.105909 -0.022199 1
0.9597 -0.270471 0.0762971 0.267136 0.962299 0.0511711 -0.087261 -0.0287272 0.995771 0.212334 0.107988 -0.0215009 1
0.958531 -0.274464 0.0767352 0.270981 0.961134 0.0528187 -0.0882497 -0.0298346 0.995651 0.213224 0.109925 -0.0210001 1
0.957558 -0.277782 0.0769445 0.274192 0.960154 0.0540586 -0.0888951 -0.0306667 0.995569 0.213741 0.111667 -0.0206061 1
0.956404 -0.281616 0.0773599 0.277933 0.959022 0.055051 -0.089693 -0.0311501 0.995482 0.214646 0.113659 -0.0204574 1
0.955086 -0.286097 0.07719 0.282382 0.957689 0.055615 -0.0898353 -0.0313201 0.995464 0.216169 0.115985 -0.0204332 1
0.954062 -0.289523 0.0770872 0.285806 0.956663 0.05577 -0.0898932 -0.031176 0.995463 0.21699 0.117932 -0.0205991 1
0.953114 -0.292657 0.0769782 0.288957 0.955719 0.0557247 -0.0898778 -0.0308686 0.995474 0.217684 0.119817 -0.0208392 1
0.952054 -0.295997 0.0773184 0.292312 0.954709 0.0555379 -0.0902557 -0.030274 0.995458 0.21849 0.121794 -0.0213362 1
0.951283 -0.298394 0.0775991 0.29474 0.953983 0.0551749 -0.0904921 -0.0296154 0.995457 0.218701 0.123406 -0.0218537 1
0.950374 -0.301181 0.0779702 0.297562 0.953131 0.0547536 -0.0908065 -0.0288354 0.995451 0.219207 0.125192 -0.0224864 1
