NO_OF_FRAMES	30759
FREQUENCY	100
DATA_INCLUDED	6DOF(row-major-order)
ORDER	R11 R12 R13 R21 R22 R23 R31 R32 R33 Tx Ty Tz RMS
SOURCE_FILE	/afs/inf.ed.ac.uk/group/cstr/projects/galatea/DB/MotionCapture/Recordings_October_2014/Markers/Ella/CSTR/Ella_03_i.tsv.gz,Head/Ella_03_i.dof.gz
RIGID_BODY_MARKERS	 1 2 3 4
PROGRAM_NAME	EstimateRigidBodyWithSegment,nm-head-orientation
REFERENCE_FRAME	3
SEGMENT_HALF_WIDTH	2
SEGMENT_WINDOW_TYPE	rectangle
REFERENCE_MARKER_1	-0.126913 0.748118 0.203057
REFERENCE_MARKER_2	-0.162727 0.717953 0.0572551
REFERENCE_MARKER_3	-0.113946 0.722792 0.132689
REFERENCE_MARKER_4	-0.174446 0.722022 0.271134
REFERENCE_CENTRE	-0.144508 0.727721 0.166034
NOTES	Normalised_Head_Orientation
END_OF_HEADER
0.992005 0.126161 -0.00310736 -0.126124 0.991963 0.0100675 0.00435251 -0.00959507 0.999944 0 0 0 1
0.992005 0.126161 -0.00310736 -0.126124 0.991963 0.0100675 0.00435251 -0.00959507 0.999944 0 0 0 1
0.992005 0.126161 -0.00310736 -0.126124 0.991963 0.0100675 0.00435251 -0.00959507 0.999944 -9.63864e-17 1.24971e-16 8.17136e-17 1
0.99196 0.126506 -0.00324311 -0.126469 0.991922 0.00986086 0.00446438 -0.00937143 0.999946 -0.000205354 1.38041e-05 -0.000115388 1
0.991954 0.126563 -0.00312986 -0.126526 0.991913 0.00999747 0.00436986 -0.00952102 0.999945 -0.000283972 -2.09458e-06 4.29422e-05 1
0.991967 0.126461 -0.00304842 -0.126425 0.991927 0.00989894 0.00427563 -0.00943402 0.999946 -0.000229477 4.34933e-05 -4.7425e-05 1
0.991978 0.126365 -0.00338524 -0.126324 0.991935 0.0103378 0.00466428 -0.00982725 0.999941 -6.01224e-05 2.35711e-05 0.000337927 1
0.991983 0.12632 -0.00363878 -0.126276 0.99194 0.0104655 0.00493145 -0.00992207 0.999939 1.848e-05 1.80756e-05 0.000478044 1
0.992047 0.125823 -0.00351114 -0.125781 0.992004 0.0103297 0.00478278 -0.00980596 0.99994 0.000359997 4.10093e-05 0.000414704 1
0.992041 0.125861 -0.00365538 -0.125818 0.992 0.0103299 0.00492628 -0.00978779 0.99994 0.000361338 6.35661e-05 0.000444513 1
0.992151 0.124987 -0.00391666 -0.124941 0.99211 0.0103823 0.00518341 -0.00981144 0.999938 0.00108736 0.000130345 0.000525343 1
0.992104 0.125355 -0.00384987 -0.125312 0.992068 0.00985836 0.00505513 -0.00929809 0.999944 0.000764785 0.000194876 0.000134327 1
0.991973 0.126387 -0.00397711 -0.126344 0.991939 0.00965545 0.00516538 -0.00907546 0.999945 1.95386e-05 0.000199298 2.9465e-05 1
0.991914 0.126839 -0.00436838 -0.126791 0.991881 0.00975377 0.00557007 -0.00912103 0.999943 -0.000227543 0.000217699 0.000139009 1
0.9918 0.127717 -0.00455135 -0.127669 0.99177 0.00966899 0.00574878 -0.00900864 0.999943 -0.000845152 0.00019918 0.000150699 1
0.991841 0.1274 -0.00464925 -0.127353 0.991814 0.00927375 0.00579267 -0.00860599 0.999946 -0.000589383 0.000286625 -9.50427e-05 1
0.991942 0.12659 -0.00501236 -0.126539 0.991917 0.00938978 0.0061605 -0.00867986 0.999943 0.000101099 0.000288687 6.3381e-05 1
0.99208 0.12551 -0.00491964 -0.125462 0.992056 0.00914506 0.00602835 -0.0084554 0.999946 0.000905375 0.000361897 -8.84789e-05 1
0.992101 0.125349 -0.00480606 -0.125303 0.992078 0.00899599 0.00589563 -0.00832272 0.999948 0.00102649 0.000393146 -0.000216629 1
0.992098 0.125354 -0.00535872 -0.125302 0.992076 0.00919738 0.00646919 -0.00845324 0.999943 0.0011373 0.000335764 -3.72532e-05 1
0.992064 0.125608 -0.00559639 -0.125552 0.992043 0.00938345 0.00673049 -0.00860635 0.99994 0.00100519 0.000283134 0.000155481 1
0.991971 0.126318 -0.00614697 -0.126257 0.991952 0.00946703 0.00729336 -0.00861492 0.999936 0.000555151 0.000249232 0.000317985 1
0.992043 0.125716 -0.00681404 -0.125647 0.992027 0.00978054 0.00798928 -0.00884655 0.999929 0.00111641 0.000249547 0.000615105 1
0.991821 0.12741 -0.00761366 -0.127331 0.991809 0.0100779 0.00883533 -0.00902603 0.99992 -3.20733e-05 0.000111632 0.000979386 1
0.991652 0.128751 -0.00708313 -0.128677 0.991636 0.010022 0.00831423 -0.00902692 0.999925 -0.00112586 3.67629e-06 0.000894196 1
0.991652 0.128731 -0.00734694 -0.128654 0.991638 0.0100925 0.00858473 -0.00906305 0.999922 -0.00106449 -1.05694e-05 0.000969428 1
0.991633 0.128901 -0.00691344 -0.128829 0.991617 0.00992945 0.00813539 -0.00895573 0.999927 -0.00125869 -2.0939e-06 0.00082005 1
0.99159 0.129245 -0.00668876 -0.129176 0.991572 0.00988569 0.00791006 -0.00893853 0.999929 -0.00158195 -5.04984e-05 0.000830672 1
0.991761 0.12794 -0.00648736 -0.127874 0.991742 0.0097945 0.0076869 -0.00888423 0.999931 -0.000637062 1.61416e-05 0.000756256 1
0.991751 0.127972 -0.00724614 -0.127897 0.991737 0.00998042 0.00846348 -0.00897133 0.999924 -0.000493493 -2.17211e-07 0.00101231 1
0.991665 0.128652 -0.00695416 -0.128579 0.991649 0.0100238 0.00818567 -0.00904613 0.999926 -0.00107455 -6.66631e-05 0.00109888 1
0.991786 0.127703 -0.00726127 -0.127626 0.99177 0.0101421 0.00849669 -0.0091321 0.999922 -0.000310984 -4.88984e-05 0.00122861 1
0.991763 0.127892 -0.00709423 -0.127818 0.991747 0.0100652 0.00832293 -0.00907547 0.999924 -0.000431309 -1.87774e-05 0.0011427 1
0.991519 0.129784 -0.00675744 -0.129716 0.991503 0.00975632 0.00796624 -0.00879704 0.99993 -0.00189634 -8.91472e-05 0.000862007 1
0.991627 0.12897 -0.00648008 -0.128906 0.991611 0.00956947 0.0076599 -0.00865402 0.999933 -0.00136642 -3.08462e-06 0.000729545 1
0.991626 0.128971 -0.00661717 -0.128908 0.991614 0.00919845 0.00774801 -0.00826842 0.999936 -0.00133618 1.16544e-05 0.000469611 1
0.991567 0.129426 -0.00661925 -0.129364 0.991556 0.00906082 0.00773606 -0.00812812 0.999937 -0.00166288 3.9444e-05 0.000431399 1
0.991341 0.131134 -0.00688404 -0.131068 0.99133 0.00923982 0.00803601 -0.00825754 0.999934 -0.00290336 -6.74231e-05 0.000636243 1
0.99162 0.128992 -0.00707076 -0.12892 0.991606 0.00985474 0.00828259 -0.0088606 0.999926 -0.00129621 -3.09446e-05 0.00116318 1
0.991929 0.126596 -0.00712107 -0.126519 0.99191 0.0103335 0.00837163 -0.0093491 0.999921 0.000467525 4.26781e-05 0.00153213 1
0.991877 0.126988 -0.00736974 -0.126905 0.991856 0.0108356 0.00868571 -0.00981236 0.999914 0.000204947 1.28494e-05 0.00190729 1
0.991956 0.126372 -0.00726154 -0.126287 0.991931 0.0111703 0.00861456 -0.0101634 0.999911 0.000595715 9.26775e-06 0.0021023 1
0.992255 0.124004 -0.00731095 -0.123918 0.99223 0.0111713 0.00863942 -0.0101788 0.999911 0.00235144 0.000154972 0.00207608 1
0.992243 0.12409 -0.00746958 -0.124006 0.992222 0.0108942 0.00876334 -0.00988338 0.999913 0.00231074 0.000226872 0.0018877 1
0.991805 0.127551 -0.00732045 -0.127476 0.991792 0.00987694 0.00852018 -0.00886281 0.999924 -0.000282631 0.00026331 0.00112664 1
0.991817 0.127447 -0.00746109 -0.127372 0.991807 0.00979047 0.00864773 -0.00876002 0.999924 -0.000179045 0.00033547 0.00100924 1
0.991674 0.128557 -0.00749132 -0.128483 0.991665 0.00963749 0.00866785 -0.00859474 0.999925 -0.00101311 0.000312693 0.000911897 1
0.991679 0.128549 -0.00694343 -0.128482 0.991667 0.00940166 0.00809415 -0.00843132 0.999932 -0.00112225 0.00040284 0.000720583 1
0.991817 0.127509 -0.00640469 -0.127452 0.991807 0.00861206 0.00745034 -0.00772529 0.999942 -0.000497315 0.000703164 9.32287e-05 1
0.992147 0.124917 -0.00628397 -0.124857 0.992132 0.0091523 0.00737781 -0.00829583 0.999938 0.00135863 0.000766427 0.00047282 1
0.992204 0.124495 -0.00570268 -0.124441 0.992186 0.00902496 0.00678168 -0.00824496 0.999943 0.00150759 0.000857972 0.000413351 1
0.992233 0.124263 -0.00566732 -0.12421 0.992215 0.00898415 0.00673961 -0.00821043 0.999944 0.00165762 0.000947747 0.000340626 1
0.99234 0.12339 -0.00605121 -0.123331 0.992321 0.00940004 0.00716462 -0.00858174 0.999938 0.00230516 0.000977948 0.0006451 1
0.991985 0.126205 -0.00623929 -0.126138 0.991961 0.0101672 0.00747229 -0.00929872 0.999929 0.000235311 0.000679172 0.00120349 1
0.991969 0.126321 -0.00630128 -0.126253 0.991945 0.0102504 0.00754536 -0.00937253 0.999928 0.000128266 0.000719185 0.00128816 1
0.992079 0.125444 -0.00651649 -0.125372 0.992055 0.0104429 0.00777471 -0.00954322 0.999924 0.000785552 0.000772477 0.00145465 1
0.992176 0.12467 -0.00670672 -0.124597 0.992152 0.0104558 0.00795761 -0.00953831 0.999923 0.00134892 0.000845016 0.00150804 1
0.992299 0.123702 -0.00633659 -0.123627 0.992267 0.0110574 0.00765541 -0.0101889 0.999919 0.00199958 0.00085706 0.00195322 1
0.992658 0.120768 -0.00668213 -0.120681 0.992617 0.0121072 0.00809495 -0.0112119 0.999904 0.00418529 0.000910989 0.00279403 1
0.992523 0.121869 -0.00672332 -0.121782 0.992484 0.0120463 0.00814086 -0.0111375 0.999905 0.00334446 0.000888606 0.00272501 1
0.992542 0.121699 -0.0070262 -0.121606 0.992502 0.0123088 0.00847148 -0.0113625 0.9999 0.00352871 0.00090779 0.00289431 1
0.992772 0.119821 -0.00677561 -0.119727 0.992724 0.012829 0.00826349 -0.011925 0.999895 0.0048321 0.000964529 0.00323306 1
0.992506 0.121992 -0.00700448 -0.121901 0.992468 0.0121351 0.0084321 -0.0111903 0.999902 0.00325377 0.000939539 0.00268658 1
0.992481 0.122213 -0.00678384 -0.12213 0.992447 0.0115566 0.00814497 -0.0106412 0.99991 0.00306054 0.00102933 0.00216777 1
0.992483 0.122195 -0.00671853 -0.122116 0.992454 0.0110428 0.00801721 -0.0101394 0.999916 0.00307823 0.00111803 0.00176875 1
0.992573 0.121475 -0.00651668 -0.121401 0.992544 0.0108624 0.00778762 -0.00999063 0.99992 0.0035527 0.0011711 0.00158969 1
0.992253 0.12406 -0.00659138 -0.123987 0.992228 0.0105264 0.00784605 -0.00962759 0.999923 0.00166878 0.00108686 0.00131938 1
0.992204 0.124441 -0.00679099 -0.124364 0.992177 0.0108546 0.00808862 -0.00992537 0.999918 0.00142213 0.00101805 0.00155042 1
0.992152 0.124849 -0.00681976 -0.12477 0.992124 0.0110338 0.00814362 -0.0100963 0.999916 0.00110794 0.000965736 0.00169402 1
0.992302 0.12367 -0.00656847 -0.123588 0.992265 0.0116509 0.00795852 -0.0107494 0.999911 0.00190667 0.000955548 0.00209968 1
0.992107 0.125223 -0.00653862 -0.125141 0.99207 0.011706 0.00795263 -0.0107953 0.99991 0.000754456 0.000865622 0.00212031 1
0.992247 0.124115 -0.00637423 -0.124036 0.99221 0.0116016 0.00776451 -0.010721 0.999912 0.00156138 0.000934835 0.00199453 1
0.992398 0.122912 -0.00621124 -0.122837 0.992363 0.0112376 0.00754504 -0.0103892 0.999918 0.0024265 0.00106721 0.00167312 1
0.992094 0.125355 -0.00591787 -0.125292 0.992069 0.0100865 0.00713533 -0.00926531 0.999932 0.000608538 0.00111435 0.000733644 1
0.99206 0.12563 -0.00588036 -0.125567 0.992034 0.0100255 0.00709302 -0.00920749 0.999932 0.000446973 0.00109027 0.000645039 1
0.992083 0.125468 -0.00542791 -0.12541 0.992055 0.00991903 0.00662931 -0.00915978 0.999936 0.000514893 0.00110295 0.000498602 1
0.991891 0.126984 -0.00520433 -0.126928 0.991861 0.0100468 0.00643776 -0.00930476 0.999936 -0.000639287 0.000968943 0.00052221 1
0.991792 0.127763 -0.00497592 -0.127707 0.991759 0.01023 0.00624193 -0.0095106 0.999935 -0.00122797 0.00088124 0.000623382 1
0.991954 0.126516 -0.00466523 -0.12646 0.991912 0.010863 0.00600184 -0.0101856 0.99993 -0.0003178 0.000833525 0.00103701 1
0.991859 0.127255 -0.00471173 -0.127197 0.991817 0.0109823 0.00607072 -0.0102935 0.999929 -0.00082685 0.000765874 0.00109241 1
0.99179 0.127795 -0.00461134 -0.127738 0.991746 0.0110749 0.00598861 -0.010395 0.999928 -0.00120621 0.000723395 0.00113512 1
0.991784 0.127853 -0.00426251 -0.127799 0.991738 0.0111277 0.00565 -0.0104915 0.999929 -0.0012473 0.000729188 0.00112676 1
0.991791 0.127817 -0.00372522 -0.127768 0.991741 0.011202 0.00512626 -0.0106341 0.99993 -0.00124807 0.000707902 0.001069 1
0.991824 0.127557 -0.00386318 -0.127506 0.991773 0.0113703 0.00528175 -0.0107847 0.999928 -0.000993745 0.000673805 0.00118174 1
0.991944 0.126631 -0.00334409 -0.126585 0.991888 0.0116218 0.00478864 -0.0111048 0.999927 -0.000347246 0.000673082 0.00130929 1
0.9921 0.125411 -0.00298101 -0.125368 0.99204 0.0117977 0.00443685 -0.0113308 0.999926 0.000557395 0.000695772 0.0013666 1
0.992203 0.124598 -0.0027654 -0.124558 0.992142 0.0118036 0.00421438 -0.0113671 0.999927 0.00117587 0.000732141 0.00135008 1
0.992437 0.122721 -0.00296483 -0.122675 0.992367 0.0126127 0.00449004 -0.0121536 0.999916 0.00261583 0.000739132 0.00196222 1
0.992382 0.12316 -0.00302133 -0.123112 0.992311 0.0127457 0.00456785 -0.0122766 0.999914 0.00233815 0.000691488 0.00203966 1
0.992261 0.124135 -0.00293964 -0.12409 0.992195 0.0123037 0.00444402 -0.0118437 0.99992 0.00164814 0.000684919 0.0016634 1
0.992145 0.125063 -0.00274058 -0.125021 0.992079 0.0122348 0.004249 -0.0117961 0.999921 0.000966578 0.000653908 0.0015912 1
0.9922 0.124619 -0.00296127 -0.124575 0.992136 0.0121695 0.00445454 -0.0117057 0.999922 0.00138172 0.00068995 0.00148744 1
0.991961 0.126513 -0.00272476 -0.126475 0.991908 0.0110443 0.00409995 -0.0106109 0.999935 -3.88027e-05 0.000755534 0.000622115 1
0.991845 0.127435 -0.00206434 -0.127406 0.991791 0.0108707 0.0034327 -0.010519 0.999939 -0.000836623 0.000753131 0.000452772 1
0.991949 0.126623 -0.00185475 -0.126594 0.991891 0.011253 0.00326459 -0.0109276 0.999935 -0.000224028 0.000743708 0.000674937 1
0.992031 0.125987 -0.00159696 -0.125962 0.991974 0.0110157 0.00297199 -0.0107268 0.999938 0.000243091 0.00079921 0.000413397 1
0.992048 0.125851 -0.00123346 -0.12583 0.991992 0.010907 0.00259623 -0.010665 0.99994 0.000301136 0.00083131 0.000271376 1
0.992188 0.124746 -0.00096473 -0.124728 0.992131 0.0109288 0.00232046 -0.0107231 0.99994 0.00115743 0.000884438 0.000165974 1
0.99241 0.122974 -0.000714168 -0.12296 0.992355 0.0106267 0.00201551 -0.0104582 0.999943 0.00251945 0.00102011 -0.00019238 1
0.992483 0.122382 -0.000676894 -0.122368 0.99243 0.0104011 0.00194468 -0.0102401 0.999946 0.00295063 0.00110651 -0.00032828 1
0.992563 0.121728 -0.00101008 -0.121711 0.992511 0.0104505 0.00227463 -0.0102498 0.999945 0.00349624 0.00115905 -0.000276791 1
0.992426 0.122834 -0.00124029 -0.122814 0.992373 0.0105675 0.00252888 -0.0103352 0.999943 0.0027129 0.00109092 -0.000146242 1
0.992214 0.124532 -0.00147171 -0.12451 0.992161 0.0106278 0.00278368 -0.0103618 0.999942 0.00147198 0.0010007 -4.68116e-05 1
0.992221 0.124478 -0.00143804 -0.124455 0.992164 0.0110738 0.00280521 -0.0108087 0.999938 0.00147928 0.000948625 0.000344905 1
0.992201 0.124639 -0.00147088 -0.124615 0.992143 0.0111195 0.00284524 -0.0108495 0.999937 0.00135822 0.000947142 0.000336169 1
0.992072 0.125663 -0.00124766 -0.125642 0.992015 0.0109315 0.00261137 -0.010688 0.999939 0.000554629 0.000926627 0.000183025 1
0.991913 0.126913 -0.000783535 -0.126898 0.991858 0.0107088 0.00213624 -0.0105227 0.999942 -0.000487473 0.000887444 -2.7863e-05 1
0.992184 0.124778 -0.000833656 -0.124762 0.992128 0.010825 0.00217781 -0.0106364 0.999941 0.00108328 0.00100456 3.16205e-05 1
0.992108 0.125374 -0.0015698 -0.12535 0.992054 0.0107769 0.00290847 -0.0104951 0.999941 0.00072588 0.0010158 4.25441e-05 1
0.992217 0.124511 -0.00115324 -0.124491 0.992157 0.0112596 0.00254615 -0.0110284 0.999936 0.00129766 0.00102395 0.000358974 1
0.992271 0.124085 -0.000963 -0.124065 0.992207 0.0115575 0.00238961 -0.0113487 0.999933 0.00153185 0.00103967 0.000547373 1
0.992478 0.122417 -0.00126957 -0.122393 0.99241 0.0119728 0.0027256 -0.0117274 0.999928 0.00280228 0.00111921 0.000875491 1
0.992193 0.124704 -0.00111955 -0.124683 0.992128 0.0116587 0.00256463 -0.0114281 0.999931 0.00104133 0.00107983 0.000662082 1
0.99228 0.124017 -0.000794209 -0.123998 0.992211 0.0119283 0.00226733 -0.0117377 0.999929 0.00145359 0.00109342 0.000777096 1
0.992166 0.12492 -0.00137758 -0.124896 0.992103 0.0115069 0.00280414 -0.0112447 0.999933 0.000821016 0.00113018 0.000492793 1
0.992153 0.125023 -0.00113243 -0.125002 0.992093 0.0112243 0.00252677 -0.0109947 0.999936 0.00070648 0.00122913 0.000221302 1
0.992169 0.124897 -0.00090686 -0.124879 0.992106 0.0114336 0.00232773 -0.0112309 0.999934 0.000726612 0.00121654 0.000336623 1
0.992439 0.12273 -0.00111428 -0.122708 0.992372 0.0118185 0.00255627 -0.0115924 0.99993 0.00232928 0.00128853 0.000633544 1
0.992504 0.122208 -0.00107163 -0.122188 0.99244 0.0115019 0.00246914 -0.0112847 0.999933 0.00268759 0.00139234 0.000402454 1
0.992597 0.121453 -0.00107369 -0.121432 0.992529 0.0118332 0.00250285 -0.0116152 0.999929 0.00318539 0.00141872 0.000626513 1
0.992514 0.12212 -0.00152472 -0.122093 0.992445 0.0121052 0.00299149 -0.0118284 0.999926 0.00271907 0.00134142 0.000841457 1
0.992699 0.120615 -0.00118922 -0.120593 0.992634 0.0116435 0.00258484 -0.0114151 0.999932 0.00376241 0.00152338 0.000475743 1
0.992607 0.121371 -0.00084217 -0.121353 0.99254 0.0117473 0.00226166 -0.0115582 0.999931 0.00313132 0.00147356 0.000476073 1
0.992441 0.122721 -0.000440293 -0.122707 0.992372 0.0118749 0.00189423 -0.0117311 0.999929 0.00202285 0.00143415 0.000583915 1
0.99239 0.123136 -6.892e-05 -0.123127 0.992324 0.0115192 0.00148683 -0.0114231 0.999934 0.00165172 0.00144835 0.000295229 1
0.992336 0.123567 -0.00026421 -0.123556 0.992273 0.0113059 0.0016592 -0.0111866 0.999936 0.00136404 0.00152707 0.000167317 1
0.992146 0.125084 -0.000185421 -0.125075 0.992086 0.0110169 0.00156199 -0.0109072 0.999939 0.000227457 0.00144231 -0.000107047 1
0.992179 0.124819 -4.93571e-05 -0.124811 0.992119 0.0110693 0.00143063 -0.0109765 0.999939 0.000407623 0.00143964 -8.18081e-05 1
0.992308 0.123792 -0.000462354 -0.12378 0.992248 0.0110507 0.00182676 -0.0109085 0.999939 0.0012589 0.00140211 -0.000134605 1
0.992141 0.125124 -0.000558414 -0.125111 0.992086 0.0106572 0.00188746 -0.0105036 0.999943 0.000280834 0.00133793 -0.000475501 1
0.992405 0.123014 -0.000455594 -0.123002 0.992346 0.0109534 0.00179952 -0.0108141 0.99994 0.00180491 0.0012479 -0.000298502 1
0.992644 0.121072 -0.000407313 -0.121059 0.99258 0.0113921 0.00178355 -0.011259 0.999935 0.00326126 0.00121102 5.31059e-05 1
0.992532 0.121981 -0.00029538 -0.121971 0.992476 0.0107138 0.00160004 -0.0105978 0.999943 0.00256039 0.00118378 -0.000487101 1
0.992459 0.122575 0.000360293 -0.122572 0.992402 0.0106847 0.000952122 -0.0106483 0.999943 0.00202841 0.00109935 -0.000584099 1
0.992536 0.121949 0.000582259 -0.121948 0.992472 0.0112857 0.000798399 -0.0112724 0.999936 0.00247783 0.000987153 -0.000149587 1
0.992378 0.123228 0.00099359 -0.123232 0.992311 0.0114953 0.00043059 -0.0115301 0.999933 0.00148637 0.000829787 -5.72508e-05 1
0.992102 0.125434 0.000564087 -0.125432 0.99203 0.0119534 0.000939769 -0.0119297 0.999928 -7.97606e-05 0.000632235 0.000263782 1
0.992048 0.125862 0.000431011 -0.125858 0.991966 0.012797 0.00118312 -0.0127495 0.999918 -0.000380909 0.000431986 0.000919683 1
0.991854 0.127376 0.000431061 -0.127372 0.991774 0.0126709 0.00118645 -0.0126225 0.99992 -0.00147914 0.000313604 0.000795776 1
0.991619 0.129199 0.000330525 -0.129193 0.991538 0.0127477 0.00131926 -0.0126835 0.999919 -0.00278495 0.000122481 0.00084588 1
0.9917 0.128577 7.40362e-05 -0.128567 0.991619 0.0127392 0.00156455 -0.012643 0.999919 -0.00226958 0.000103331 0.00085526 1
0.991386 0.130973 0.000251516 -0.130966 0.99131 0.012335 0.00136623 -0.0122617 0.999924 -0.00407567 5.64997e-05 0.00055432 1
0.991561 0.129639 0.000370941 -0.129633 0.991479 0.0128444 0.00129736 -0.0127841 0.999917 -0.00307307 -6.03443e-06 0.000865941 1
0.991599 0.129352 -0.000115738 -0.129339 0.991511 0.0133009 0.00183526 -0.0131742 0.999912 -0.00278719 -8.8044e-05 0.00121774 1
0.991785 0.127913 -0.000128535 -0.1279 0.991694 0.0136025 0.0018674 -0.0134743 0.999907 -0.00167301 -4.15175e-05 0.00139816 1
0.992017 0.126105 0.000173383 -0.126095 0.991918 0.0141201 0.00160864 -0.0140293 0.9999 -0.000409303 -1.33906e-05 0.00174353 1
0.992349 0.12346 0.000135539 -0.123449 0.992245 0.0145196 0.00165811 -0.0144253 0.999895 0.00156716 1.07992e-05 0.00196996 1
0.992197 0.124677 0.000147992 -0.124666 0.992097 0.0142436 0.00162902 -0.0141509 0.999899 0.00065539 -5.78155e-06 0.00172811 1
0.992541 0.121907 0.000614046 -0.121903 0.992431 0.0148486 0.00120075 -0.0148127 0.99989 0.00263699 8.33535e-05 0.002149 1
0.992503 0.122216 0.00084929 -0.122216 0.992399 0.0144409 0.000922082 -0.0144365 0.999895 0.00233374 0.000155821 0.00182118 1
0.992292 0.123914 0.000947485 -0.123915 0.992193 0.0140975 0.000806794 -0.0141062 0.9999 0.00107155 0.000108519 0.00153677 1
0.992296 0.123881 0.00136406 -0.123888 0.992197 0.0140358 0.000385353 -0.0140966 0.999901 0.00100411 0.000144219 0.00145528 1
0.992291 0.123923 0.00157868 -0.123933 0.992194 0.0138634 0.000151634 -0.0139522 0.999903 0.000910077 0.000185371 0.00133119 1
0.992298 0.123865 0.00141741 -0.123873 0.992202 0.0137783 0.0003003 -0.0138478 0.999904 0.000944104 0.000196933 0.00123134 1
0.992182 0.124787 0.00156741 -0.124797 0.992079 0.0143139 0.000231202 -0.0143976 0.999896 0.000224271 9.55578e-05 0.0015703 1
0.992177 0.124835 0.00140964 -0.124842 0.992074 0.01424 0.000379176 -0.0143046 0.999898 0.000192714 0.000139727 0.00150246 1
0.99202 0.126076 0.00122689 -0.126081 0.991932 0.0132124 0.000448777 -0.0132616 0.999912 -0.000757779 0.000306627 0.000779619 1
0.992082 0.125576 0.00171586 -0.125588 0.991998 0.0129724 -7.30996e-05 -0.0130852 0.999914 -0.000486902 0.000421843 0.000546274 1
0.991963 0.126517 0.00173478 -0.126529 0.991887 0.0122493 -0.000170973 -0.0123703 0.999923 -0.00121197 0.000533684 -2.7769e-05 1
0.99215 0.125036 0.0019401 -0.12505 0.99208 0.0118294 -0.000445626 -0.0119792 0.999928 -0.000224228 0.000698591 -0.000364853 1
0.992225 0.124432 0.00260881 -0.124454 0.992156 0.011772 -0.00112354 -0.0120051 0.999927 6.55067e-05 0.000769702 -0.000482637 1
0.992335 0.123539 0.00297972 -0.123567 0.992255 0.0127237 -0.00138476 -0.0129944 0.999915 0.000643057 0.000654264 0.000104169 1
0.992176 0.124818 0.00273742 -0.124843 0.99209 0.0131034 -0.00108023 -0.0133426 0.99991 -0.000285698 0.000546598 0.000303465 1
0.992234 0.124329 0.00382496 -0.12437 0.992145 0.0134588 -0.00212158 -0.01383 0.999902 -0.000115215 0.000582776 0.000484277 1
0.992211 0.124503 0.00396283 -0.124546 0.992126 0.0132391 -0.00228331 -0.0136296 0.999905 -0.000296553 0.000674229 0.00026027 1
0.992143 0.125057 0.0035934 -0.125094 0.992054 0.0134213 -0.00188643 -0.0137653 0.999903 -0.00069318 0.00066666 0.000387836 1
0.992167 0.124866 0.00364273 -0.124905 0.992076 0.0135808 -0.00191809 -0.0139294 0.999901 -0.000597417 0.000693543 0.000453399 1
0.992477 0.122366 0.00407438 -0.12241 0.992389 0.013437 -0.00239914 -0.0138346 0.999901 0.00116273 0.00088081 0.000286888 1
0.992506 0.122144 0.0036462 -0.122182 0.992421 0.0131322 -0.00201454 -0.0134793 0.999907 0.00134287 0.000952579 -2.79562e-05 1
0.992475 0.122385 0.00386653 -0.122426 0.992385 0.0135274 -0.00218154 -0.013899 0.999901 0.00109867 0.000873236 0.000244651 1
0.992576 0.121541 0.00445479 -0.121591 0.992489 0.0134679 -0.00278442 -0.0139095 0.999899 0.00160225 0.000956612 0.000130886 1
0.992596 0.12138 0.0044648 -0.121429 0.99251 0.0133637 -0.00280928 -0.013807 0.999901 0.00169736 0.00100264 1.63212e-05 1
0.99261 0.121271 0.00432062 -0.121319 0.992525 0.0132747 -0.00267848 -0.0137007 0.999903 0.00174597 0.00105697 -5.18244e-05 1
0.992644 0.120982 0.00469354 -0.121035 0.99256 0.0132599 -0.00305441 -0.0137305 0.999901 0.00185322 0.00107879 -2.33776e-05 1
0.992688 0.120626 0.00437246 -0.120674 0.992604 0.0131929 -0.00274872 -0.0136241 0.999903 0.00213237 0.00113631 -5.24921e-05 1
0.992672 0.120766 0.00434458 -0.120813 0.992591 0.0129587 -0.00274742 -0.0133886 0.999907 0.00200541 0.00118562 -0.000225896 1
0.992786 0.119813 0.00461445 -0.119863 0.992709 0.0127197 -0.00305682 -0.013181 0.999908 0.00263196 0.00130987 -0.000404055 1
0.992679 0.120686 0.00485874 -0.12074 0.992601 0.0128592 -0.00327086 -0.0133517 0.999906 0.00191314 0.00127656 -0.000265008 1
0.992829 0.119444 0.00477014 -0.119497 0.992748 0.0131138 -0.00316918 -0.0135898 0.999903 0.00281963 0.00133097 -0.000103475 1
0.992882 0.118987 0.00522222 -0.119046 0.992802 0.0130879 -0.00362734 -0.0136164 0.999901 0.00305508 0.00136654 -0.00017573 1
0.992849 0.119244 0.00555947 -0.119308 0.992768 0.0133091 -0.00393224 -0.0138772 0.999896 0.00277508 0.00136879 -5.70717e-05 1
0.99288 0.11899 0.00560284 -0.119055 0.992798 0.0133039 -0.00397946 -0.0138762 0.999896 0.00292136 0.00139682 -3.9454e-05 1
0.992921 0.118662 0.00512744 -0.118719 0.992848 0.0126385 -0.00359105 -0.0131578 0.999907 0.00322034 0.0015585 -0.000484653 1
0.99281 0.119607 0.00472901 -0.119657 0.992739 0.0122997 -0.00322354 -0.0127771 0.999913 0.00256115 0.00158319 -0.000700816 1
0.993068 0.117447 0.00460755 -0.117497 0.992993 0.0126603 -0.00308835 -0.0131139 0.999909 0.00415268 0.00168337 -0.000385155 1
0.993092 0.117259 0.00430315 -0.117304 0.993019 0.0123948 -0.00281971 -0.0128139 0.999914 0.00431187 0.00170381 -0.000473326 1
0.992997 0.118076 0.00398759 -0.118116 0.992924 0.012274 -0.00251011 -0.0126591 0.999917 0.00372903 0.00167768 -0.000470701 1
0.992912 0.118789 0.0037617 -0.118827 0.992835 0.0126014 -0.00223784 -0.0129591 0.999914 0.00317242 0.00155954 -0.000176605 1
0.992861 0.119216 0.00380157 -0.119254 0.992785 0.0124739 -0.00228706 -0.0128382 0.999915 0.00278952 0.00155289 -0.000202077 1
0.99276 0.120056 0.0036373 -0.120092 0.992691 0.011934 -0.00217797 -0.0122844 0.999922 0.00211421 0.00161926 -0.000544383 1
0.992775 0.119954 0.00282 -0.119979 0.992705 0.0119404 -0.00136713 -0.0121924 0.999925 0.00227505 0.00163714 -0.000455708 1
0.992861 0.119249 0.00251527 -0.11927 0.99279 0.0119315 -0.00107433 -0.0121463 0.999926 0.00280057 0.00169596 -0.000436456 1
0.992868 0.119183 0.00278455 -0.119208 0.992799 0.0118083 -0.00135715 -0.012056 0.999926 0.00277018 0.00170816 -0.000554383 1
0.992825 0.119548 0.00264943 -0.119571 0.992756 0.0117868 -0.00122116 -0.012019 0.999927 0.00249486 0.00173674 -0.000528274 1
0.992756 0.120129 0.00234798 -0.120148 0.992689 0.0115138 -0.000947669 -0.0117125 0.999931 0.00210526 0.0017339 -0.000693524 1
0.992881 0.119075 0.00305056 -0.119103 0.992814 0.0115756 -0.00165027 -0.0118565 0.999928 0.00273751 0.00180072 -0.000685738 1
0.992808 0.119676 0.0031229 -0.119704 0.992743 0.0114789 -0.00172649 -0.0117702 0.999929 0.00223776 0.00178728 -0.000744761 1
0.992972 0.118301 0.00336344 -0.118333 0.992904 0.0117898 -0.00194483 -0.012105 0.999925 0.00318896 0.00186211 -0.000483462 1
0.992806 0.119693 0.00325254 -0.119724 0.992736 0.0118657 -0.00180867 -0.0121698 0.999924 0.00212079 0.0017241 -0.000404468 1
0.992552 0.12177 0.00353594 -0.121804 0.992484 0.0118105 -0.00207119 -0.0121532 0.999924 0.000514927 0.00162516 -0.000443136 1
0.992742 0.1202 0.00391325 -0.120238 0.992677 0.0116076 -0.00248936 -0.0119939 0.999925 0.00154272 0.00176967 -0.000578567 1
0.992617 0.121216 0.00420896 -0.121257 0.992552 0.0117097 -0.00275821 -0.0121336 0.999923 0.000716958 0.00173343 -0.000502445 1
0.992443 0.122655 0.00366399 -0.122689 0.992381 0.011265 -0.00225437 -0.0116293 0.99993 -0.000288486 0.00173036 -0.000828288 1
0.992537 0.121893 0.00343227 -0.121924 0.992475 0.011284 -0.00203099 -0.0116183 0.99993 0.000291085 0.00181209 -0.000759652 1
0.992636 0.121099 0.00307237 -0.121126 0.992571 0.0114977 -0.00165719 -0.0117852 0.999929 0.000884143 0.00183318 -0.000576476 1
0.992394 0.123078 0.00248748 -0.123099 0.992328 0.0114824 -0.00105516 -0.0117013 0.999931 -0.000483892 0.00172279 -0.000588823 1
0.992423 0.122839 0.0027222 -0.122863 0.992358 0.01141 -0.00129979 -0.011658 0.999931 -0.000379695 0.00170543 -0.000661261 1
0.99259 0.121475 0.00312268 -0.121503 0.992522 0.0116852 -0.00167988 -0.011978 0.999927 0.000514509 0.00172425 -0.000449526 1
0.992649 0.120974 0.00374983 -0.12101 0.992583 0.0116205 -0.00231624 -0.0119888 0.999925 0.000762572 0.00177263 -0.00055374 1
0.99266 0.120867 0.00420395 -0.120907 0.992601 0.0111765 -0.00282198 -0.0116027 0.999929 0.000752903 0.0018369 -0.000879861 1
0.992497 0.122203 0.00413091 -0.122243 0.992435 0.011355 -0.00271205 -0.0117747 0.999927 -0.000246626 0.00173887 -0.000709866 1
0.992671 0.120789 0.00377919 -0.120825 0.992609 0.0113362 -0.00238196 -0.0117098 0.999929 0.000828251 0.00185304 -0.000685626 1
0.992604 0.121331 0.00401494 -0.121367 0.992554 0.0103047 -0.00273477 -0.0107157 0.999939 0.000374284 0.00202707 -0.00143891 1
0.992474 0.122397 0.00371735 -0.122429 0.992424 0.0102767 -0.00243135 -0.0106545 0.99994 -0.000403973 0.00197512 -0.00143179 1
0.992546 0.12181 0.00384698 -0.121845 0.992493 0.0106013 -0.00252675 -0.010991 0.999936 -7.34381e-06 0.00199831 -0.00119118 1
0.99265 0.120952 0.00397432 -0.120989 0.992593 0.0109503 -0.00262042 -0.0113507 0.999932 0.000582482 0.00197488 -0.000937423 1
0.992704 0.120523 0.00368125 -0.120557 0.992645 0.0110128 -0.00232688 -0.0113763 0.999933 0.00093114 0.00200959 -0.000910807 1
0.992604 0.121353 0.00341727 -0.121386 0.992531 0.012174 -0.00191439 -0.0124988 0.99992 0.000310046 0.00181529 -4.00775e-05 1
0.992728 0.120335 0.00325799 -0.120367 0.992652 0.0123713 -0.00174535 -0.0126735 0.999918 0.00102667 0.00196354 0.0001084 1
0.9929 0.118918 0.0027348 -0.118944 0.992813 0.0131915 -0.00114643 -0.0134231 0.999909 0.00202492 0.00211578 0.000672618 1
0.993084 0.117392 0.00201938 -0.117409 0.992984 0.0140439 -0.000356572 -0.0141839 0.999899 0.00311057 0.00240289 0.00131531 1
0.993224 0.116201 0.00175843 -0.116214 0.993111 0.0150157 -1.48776e-06 -0.0151183 0.999886 0.00377033 0.00282667 0.00204583 1
0.993633 0.112658 0.00105993 -0.11266 0.993503 0.0161362 0.000764817 -0.0161528 0.999869 0.00610869 0.00358407 0.00286378 1
0.994382 0.105849 0.000500485 -0.105841 0.994228 0.0175569 0.00136078 -0.0175112 0.999846 0.0107143 0.00481511 0.00386954 1
0.995038 0.0994909 0.000333771 -0.0994802 0.994869 0.0184147 0.00150004 -0.0183565 0.99983 0.0147253 0.0063764 0.00445011 1
0.996095 0.0882862 0.000489393 -0.0882782 0.995893 0.0201094 0.001288 -0.0200741 0.999798 0.0219897 0.00861039 0.00561028 1
0.997064 0.0765721 0.000909248 -0.0765741 0.996838 0.0212404 0.00072005 -0.0212477 0.999774 0.0294047 0.0112453 0.00627011 1
0.998038 0.0625806 0.00172284 -0.0626034 0.997791 0.0222446 -0.000326949 -0.0223088 0.999751 0.0381983 0.0144599 0.00676677 1
0.998724 0.0504309 0.0025802 -0.050477 0.998462 0.022949 -0.00141889 -0.02305 0.999733 0.0454326 0.0176357 0.007057 1
0.999346 0.0360742 0.00252707 -0.036125 0.999052 0.0242764 -0.00164892 -0.0243518 0.999702 0.054321 0.0211257 0.00786595 1
0.999637 0.0267012 0.00368814 -0.0267792 0.999376 0.0230298 -0.00307092 -0.0231202 0.999728 0.0592991 0.0243828 0.00659937 1
0.999871 0.0152999 0.00493457 -0.0154098 0.999615 0.0230624 -0.00457982 -0.0231355 0.999722 0.0655802 0.0277489 0.00624906 1
0.999974 0.00442214 0.00566289 -0.00454971 0.999732 0.0227155 -0.00556092 -0.0227407 0.999726 0.0715805 0.0310018 0.00568007 1
0.99996 -0.00553418 0.00699491 0.00537785 0.99974 0.022174 -0.0071158 -0.0221355 0.99973 0.0767462 0.0341981 0.00487582 1
0.999866 -0.0136292 0.00907243 0.0134327 0.999681 0.0213783 -0.00936091 -0.0212536 0.99973 0.0804276 0.037085 0.00373247 1
0.999644 -0.024823 0.00977143 0.0246084 0.999466 0.0215066 -0.0103001 -0.0212585 0.999721 0.0865814 0.0402766 0.00344298 1
0.999399 -0.033067 0.0104279 0.0328429 0.99924 0.0209752 -0.0111135 -0.0206201 0.999726 0.0906988 0.0430332 0.00272321 1
0.999141 -0.0399064 0.0111282 0.0396709 0.999 0.0206394 -0.0119407 -0.0201802 0.999725 0.093817 0.0454394 0.00218342 1
0.998858 -0.0464523 0.0111485 0.0462162 0.99872 0.0205749 -0.01209 -0.0200362 0.999726 0.0968778 0.0477125 0.00191624 1
0.998532 -0.0530112 0.0111647 0.0527822 0.998408 0.0198926 -0.0122015 -0.0192741 0.99974 0.0999821 0.0500529 0.00129462 1
0.998345 -0.0563857 0.0113177 0.0561525 0.998223 0.019956 -0.0124228 -0.0192874 0.999737 0.100801 0.0516213 0.00120896 1
0.998083 -0.0609513 0.010766 0.0607224 0.997945 0.0204439 -0.01199 -0.0197509 0.999733 0.102612 0.053284 0.00155177 1
0.997746 -0.06623 0.0107589 0.0659928 0.997597 0.0210846 -0.0121294 -0.020327 0.99972 0.10483 0.0550507 0.00186735 1
0.997472 -0.0702494 0.0107375 0.0700038 0.997309 0.021754 -0.0122368 -0.0209473 0.999706 0.106205 0.0564931 0.00222781 1
0.997195 -0.0741331 0.0103519 0.0738847 0.99701 0.0226117 -0.0119972 -0.0217834 0.999691 0.107521 0.0578849 0.00274984 1
0.996801 -0.0792623 0.0102398 0.079009 0.996605 0.0231438 -0.0120394 -0.0222607 0.99968 0.109697 0.059547 0.00298607 1
0.996403 -0.0840478 0.0108439 0.0837753 0.996207 0.0235268 -0.0127802 -0.0225337 0.999664 0.111498 0.0611746 0.00296451 1
0.996019 -0.0884504 0.0110593 0.0881643 0.995814 0.0241256 -0.0131469 -0.0230546 0.999648 0.113092 0.0626955 0.00318448 1
0.995534 -0.0937481 0.0111123 0.0934582 0.995328 0.0242356 -0.0133324 -0.0230888 0.999645 0.115346 0.0644656 0.0030955 1
0.995103 -0.0981499 0.0116953 0.0978477 0.99491 0.0240945 -0.0140006 -0.0228322 0.999641 0.1169 0.0660583 0.00275671 1
0.994599 -0.103092 0.0120412 0.102779 0.99441 0.0241712 -0.0144658 -0.0228031 0.999635 0.118867 0.0677507 0.00257462 1
0.994079 -0.10798 0.0121578 0.107662 0.99389 0.0243264 -0.0147102 -0.0228734 0.99963 0.120849 0.0693901 0.00252197 1
0.993561 -0.112621 0.0123281 0.112301 0.99338 0.0241651 -0.014968 -0.022625 0.999632 0.122658 0.0710099 0.00222328 1
0.99296 -0.117757 0.0127951 0.117415 0.992772 0.0248354 -0.0156272 -0.0231582 0.99961 0.124772 0.0726026 0.0024418 1
0.992066 -0.125096 0.0124605 0.124748 0.991857 0.0256293 -0.0155651 -0.0238716 0.999594 0.128573 0.0747101 0.00290741 1
0.99166 -0.128252 0.0126936 0.127891 0.991446 0.0260484 -0.0159258 -0.0242077 0.99958 0.129309 0.0758748 0.0030741 1
0.991052 -0.13285 0.0129415 0.132476 0.990833 0.0264426 -0.0163358 -0.0244916 0.999567 0.131136 0.0774177 0.00318866 1
0.990476 -0.137098 0.0127036 0.136716 0.990238 0.0271503 -0.0163018 -0.0251549 0.999551 0.132835 0.0788228 0.00362836 1
0.989943 -0.140911 0.0125217 0.140531 0.9897 0.0272843 -0.0162374 -0.0252502 0.999549 0.134229 0.0802115 0.00369808 1
0.98964 -0.14301 0.0126643 0.142622 0.989394 0.0275324 -0.0164674 -0.0254409 0.999541 0.134394 0.0811536 0.00376921 1
0.988852 -0.148434 0.0117708 0.148065 0.98859 0.0276902 -0.0157466 -0.0256387 0.999547 0.13714 0.0829495 0.00403055 1
0.988196 -0.152807 0.010922 0.152455 0.987914 0.0279797 -0.0150655 -0.0259843 0.999549 0.139088 0.0844778 0.0044087 1
0.987599 -0.156732 0.00912264 0.156433 0.987309 0.0273699 -0.0132966 -0.0256034 0.999584 0.140884 0.0860307 0.00441855 1
0.986995 -0.160584 0.00730142 0.160336 0.986696 0.0268913 -0.0115226 -0.0253709 0.999612 0.142656 0.0875896 0.00452146 1
0.986497 -0.163691 0.00542722 0.163494 0.98619 0.026446 -0.00968123 -0.0252016 0.999636 0.143929 0.0889366 0.00470469 1
0.985577 -0.16919 0.00364584 0.169032 0.985239 0.0270485 -0.00816835 -0.0260421 0.999627 0.146842 0.0908234 0.00554514 1
0.985161 -0.171624 0.00194758 0.171514 0.984826 0.0264736 -0.00646153 -0.0257467 0.999648 0.147652 0.0920463 0.00557344 1
0.984533 -0.175198 0.00104379 0.175107 0.984183 0.0268519 -0.00573167 -0.0262538 0.999639 0.14914 0.0934593 0.0061413 1
0.98393 -0.178555 7.25632e-05 0.178489 0.983576 0.026819 -0.00486003 -0.0263751 0.99964 0.15051 0.0948635 0.00642677 1
0.983002 -0.183588 -0.00126092 0.183554 0.98263 0.027324 -0.00377735 -0.027091 0.999626 0.153118 0.0966568 0.00725184 1
0.982669 -0.185349 -0.0025239 0.18535 0.982309 0.0267451 -0.00247794 -0.0267494 0.999639 0.153488 0.0977022 0.00732369 1
0.98177 -0.190037 -0.0035331 0.190063 0.981393 0.0272693 -0.00171482 -0.0274437 0.999622 0.155833 0.0994242 0.00804348 1
0.981064 -0.193633 -0.0043403 0.193679 0.980688 0.0271776 -0.00100599 -0.0275036 0.999621 0.157418 0.100915 0.00827123 1
0.980374 -0.197075 -0.0052895 0.197146 0.979984 0.027648 -0.000265095 -0.0281482 0.999604 0.158938 0.102273 0.00895523 1
0.97971 -0.20033 -0.00602154 0.20042 0.979304 0.0282036 0.000246894 -0.0288382 0.999584 0.160306 0.103611 0.00958196 1
0.979178 -0.202897 -0.00652672 0.203001 0.97877 0.0282808 0.000650065 -0.0290169 0.999579 0.161165 0.104767 0.00985311 1
0.978551 -0.205866 -0.00760246 0.206 0.978142 0.0283094 0.00160835 -0.0292683 0.99957 0.162452 0.106026 0.0102963 1
0.977857 -0.20911 -0.00829409 0.209264 0.977442 0.028562 0.00213438 -0.0296652 0.999558 0.163902 0.107329 0.0107447 1
0.977052 -0.212792 -0.00941432 0.212977 0.976638 0.0286225 0.00310374 -0.0299707 0.999546 0.165739 0.108832 0.0111798 1
0.976456 -0.215471 -0.0102712 0.215679 0.976056 0.0282352 0.00394143 -0.0297857 0.999549 0.166863 0.110088 0.0112288 1
0.975487 -0.219787 -0.0108823 0.220014 0.975075 0.0286888 0.00430568 -0.0303798 0.999529 0.169125 0.111706 0.0117766 1
0.974608 -0.223617 -0.0115974 0.223865 0.974194 0.0288117 0.00485531 -0.0306763 0.999518 0.171087 0.113279 0.0121523 1
0.973791 -0.227101 -0.0125043 0.227377 0.973369 0.029196 0.00554083 -0.031274 0.999495 0.172846 0.114719 0.0127817 1
0.972993 -0.230479 -0.0127994 0.230766 0.972557 0.0296588 0.00561241 -0.0318115 0.999478 0.174471 0.116074 0.013247 1
0.9721 -0.23418 -0.013473 0.234488 0.971663 0.0297638 0.00612118 -0.0320926 0.999466 0.176431 0.117532 0.013604 1
0.971434 -0.236896 -0.0140442 0.23722 0.971003 0.0296633 0.00660986 -0.0321474 0.999461 0.177715 0.118737 0.0137833 1
0.970551 -0.240439 -0.0148381 0.240788 0.970118 0.0298678 0.0072133 -0.0325611 0.999444 0.179631 0.120118 0.0142376 1
0.969774 -0.243507 -0.0155837 0.243877 0.969355 0.029579 0.00790349 -0.0324854 0.999441 0.181256 0.121405 0.014325 1
0.969149 -0.245944 -0.0161948 0.246331 0.968741 0.0293441 0.00847153 -0.032428 0.999438 0.182467 0.122487 0.0144685 1
0.96831 -0.249206 -0.0164751 0.249602 0.967898 0.0295427 0.008584 -0.0327188 0.999428 0.184239 0.12375 0.0147644 1
0.967723 -0.251441 -0.0170177 0.251853 0.967319 0.0294029 0.00906848 -0.0327399 0.999423 0.185391 0.124756 0.0149118 1
0.967425 -0.252574 -0.0172136 0.25299 0.967026 0.02926 0.00925574 -0.0326617 0.999424 0.185783 0.125349 0.0149217 1
0.967048 -0.254006 -0.0173148 0.254426 0.966649 0.029283 0.00929926 -0.0327234 0.999421 0.186429 0.125977 0.015019 1
0.96664 -0.255548 -0.0173697 0.255969 0.966241 0.0292882 0.00929876 -0.0327572 0.99942 0.187206 0.126611 0.0150745 1
0.966603 -0.255671 -0.0176584 0.256098 0.966215 0.0290101 0.00964477 -0.0325635 0.999423 0.187093 0.12679 0.0150019 1
0.966419 -0.256371 -0.0175424 0.256795 0.966027 0.0291124 0.00948291 -0.0326396 0.999422 0.187365 0.127026 0.0150592 1
0.966271 -0.25692 -0.017687 0.257349 0.96588 0.0291012 0.00960687 -0.0326714 0.99942 0.187642 0.127202 0.0151119 1
0.966249 -0.256996 -0.0177876 0.25743 0.96585 0.0293778 0.00963022 -0.0329653 0.99941 0.187623 0.127194 0.0153238 1
0.966645 -0.255538 -0.0172568 0.255956 0.966243 0.0293553 0.00917282 -0.0327931 0.99942 0.186508 0.126646 0.0150682 1
0.967001 -0.254216 -0.0168138 0.254617 0.966606 0.0290209 0.00887478 -0.0323443 0.999437 0.185572 0.126148 0.0146599 1
0.967367 -0.252835 -0.0165966 0.253228 0.966973 0.0289513 0.00872857 -0.0322093 0.999443 0.184725 0.125545 0.0145239 1
0.967975 -0.250539 -0.0159837 0.250913 0.96758 0.0288518 0.00823701 -0.0319384 0.999456 0.183242 0.124587 0.0142248 1
0.968609 -0.248109 -0.0154476 0.248463 0.968226 0.0283761 0.00791645 -0.0313235 0.999478 0.181763 0.123563 0.0136976 1
0.969216 -0.245741 -0.0152057 0.246086 0.968842 0.0280392 0.00784156 -0.0309179 0.999491 0.180438 0.122531 0.0133859 1
0.970192 -0.241907 -0.0144118 0.242228 0.969816 0.0279664 0.00721156 -0.0306238 0.999505 0.178066 0.120961 0.0130648 1
0.971295 -0.237492 -0.0135743 0.237787 0.970928 0.0275055 0.0066473 -0.0299437 0.999529 0.175332 0.119222 0.0124203 1
0.972584 -0.232223 -0.0123945 0.232482 0.972223 0.0270983 0.00575739 -0.0292369 0.999556 0.172024 0.117166 0.0117112 1
0.973959 -0.226449 -0.0111389 0.22667 0.973618 0.0262422 0.00490253 -0.0280837 0.999594 0.168369 0.115035 0.0107175 1
0.975206 -0.221042 -0.0106463 0.221248 0.974881 0.0256236 0.00471496 -0.0273437 0.999615 0.165145 0.112964 0.0101475 1
0.976447 -0.215531 -0.00990397 0.215715 0.976143 0.0247489 0.00433355 -0.0263024 0.999645 0.161826 0.1109 0.00935544 1
0.97774 -0.209605 -0.0094997 0.209776 0.97746 0.0237868 0.00429974 -0.0252501 0.999672 0.158293 0.108731 0.00860355 1
0.97891 -0.204067 -0.00955288 0.204235 0.978662 0.0225555 0.00474622 -0.0240308 0.9997 0.155096 0.106767 0.00785171 1
0.980095 -0.198298 -0.00955119 0.198465 0.979862 0.0219528 0.00500566 -0.0234114 0.999713 0.151746 0.104623 0.00752412 1
0.981468 -0.191419 -0.00891815 0.191567 0.981258 0.0208396 0.00476191 -0.0221618 0.999743 0.147487 0.102269 0.0066558 1
0.982656 -0.185224 -0.00894683 0.185371 0.982464 0.020043 0.00507749 -0.0213539 0.999759 0.143836 0.100058 0.00616714 1
