NO_OF_FRAMES	24816
FREQUENCY	100
DATA_INCLUDED	6DOF(row-major-order)
ORDER	R11 R12 R13 R21 R22 R23 R31 R32 R33 Tx Ty Tz RMS
SOURCE_FILE	/afs/inf.ed.ac.uk/group/cstr/projects/galatea/DB/MotionCapture/Recordings_October_2014/Markers/Esmo/CSTR/Esmo_01_n.tsv.gz
RIGID_BODY_MARKERS	 1 2 3 4
PROGRAM_NAME	EstimateRigidBodyWithSegment
REFERENCE_FRAME	3
SEGMENT_HALF_WIDTH	2
SEGMENT_WINDOW_TYPE	rectangle
REFERENCE_MARKER_1	-0.139356 0.843944 0.127042
REFERENCE_MARKER_2	-0.188972 0.815256 0.113017
REFERENCE_MARKER_3	-0.188767 0.811137 0.155958
REFERENCE_MARKER_4	-0.150825 0.840847 0.142455
REFERENCE_CENTRE	-0.16698 0.827796 0.134618
END_OF_HEADER
1 0 0 0 1 0 0 0 1 0 0 0 0
1 0 0 0 1 0 0 0 1 0 0 0 0
1 -5.55112e-17 -7.97973e-17 4.44089e-16 1 9.02056e-17 1.17961e-16 -3.50414e-16 1 -2.77556e-17 4.44089e-16 3.33067e-16 1.53141e-17
0.999997 -0.00200554 -0.00125578 0.00189289 0.996459 -0.0840581 0.00141992 0.0840555 0.99646 0.00174945 0.0145883 -0.0689 0.059167
0.430323 0.900586 -0.0613791 0.90262 -0.430052 0.0182326 -0.00997623 -0.0632479 -0.997948 -0.832289 1.33316 0.319033 0.0591468
0.997236 0.0704419 0.0236472 -0.0720311 0.994585 0.0749129 -0.0182421 -0.0764091 0.99691 -0.062492 -0.016542 0.0596866 0.0591103
0.997381 0.0683025 0.0237826 -0.0697574 0.995315 0.0669482 -0.0190985 -0.0684319 0.997473 -0.0608439 -0.0156292 0.0528103 0.059118
0.997376 0.0683182 0.0239484 -0.0698759 0.994974 0.0717239 -0.018928 -0.0732091 0.997137 -0.0609753 -0.0159775 0.0568144 0.0591149
0.997496 0.0661609 0.0249959 -0.0678992 0.994743 0.0766564 -0.0197928 -0.0781616 0.996744 -0.059433 -0.0160237 0.060765 0.0591132
0.997575 0.0649615 0.0249741 -0.0665862 0.995256 0.0709282 -0.020248 -0.0724192 0.997169 -0.0585726 -0.0153896 0.055771 0.0591138
0.99771 0.0634508 0.0234132 -0.064817 0.995898 0.0631295 -0.0193115 -0.0645025 0.997731 -0.0572081 -0.0145017 0.049238 0.0591206
0.997763 0.0624201 0.0239425 -0.0640893 0.994984 0.0768051 -0.0190283 -0.0781677 0.996759 -0.0565036 -0.0153761 0.060687 0.0591102
0.997798 0.0609932 0.0260753 -0.0627278 0.995438 0.0718957 -0.0215712 -0.073373 0.997071 -0.0557078 -0.0147192 0.0561869 0.0591105
0.997766 0.0617329 0.0255474 -0.0634109 0.995449 0.0711359 -0.0210397 -0.0725969 0.997139 -0.0563317 -0.0147258 0.0555789 0.0591162
0.997832 0.0610154 0.0246619 -0.0627437 0.995074 0.0767516 -0.0198574 -0.0781326 0.996745 -0.0556529 -0.0150042 0.0603906 0.05911
0.997672 0.0623751 0.0275837 -0.0640923 0.995725 0.0665117 -0.0233171 -0.0681247 0.997404 -0.0571647 -0.0144159 0.0514791 0.0591184
0.997627 0.062901 0.027989 -0.0648435 0.995075 0.0749727 -0.0231353 -0.0766097 0.996793 -0.0576725 -0.0150923 0.0586214 0.059112
0.997617 0.0637114 0.0264905 -0.0656751 0.994514 0.081415 -0.0211581 -0.0829608 0.996328 -0.0580972 -0.0156208 0.0643269 0.0591047
0.99768 0.0624082 0.0272107 -0.0639871 0.996045 0.0616408 -0.0232562 -0.0632389 0.997727 -0.0571541 -0.0138839 0.0473902 0.0591233
0.997499 0.0655746 0.0263688 -0.0672932 0.995228 0.0706614 -0.0216094 -0.0722591 0.997152 -0.0597008 -0.0148944 0.0552139 0.0591175
0.997594 0.064423 0.0255926 -0.0663486 0.994311 0.0833224 -0.0200792 -0.08482 0.996194 -0.0586688 -0.015604 0.0659537 0.0591069
0.997338 0.0655317 0.0319761 -0.0678475 0.994665 0.0777108 -0.026713 -0.0796734 0.996463 -0.0604444 -0.015451 0.0605791 0.0591067
0.997306 0.0670309 0.0298058 -0.0688642 0.995477 0.0654532 -0.0252836 -0.0673294 0.99741 -0.0614292 -0.0146118 0.0504356 0.0591223
0.997352 0.0677633 0.0264127 -0.069652 0.994459 0.0787373 -0.0209309 -0.0803685 0.996545 -0.0614898 -0.0157326 0.0621646 0.059113
0.997322 0.067121 0.0290506 -0.0691778 0.994644 0.0767964 -0.0237404 -0.0786003 0.996623 -0.0612335 -0.0156624 0.0602991 0.0591125
0.997196 0.0685574 0.0300051 -0.0705851 0.994849 0.072751 -0.024863 -0.0746649 0.996899 -0.0625315 -0.015653 0.0568356 0.0591187
0.997226 0.0686022 0.0288938 -0.0706144 0.994635 0.0755994 -0.0235525 -0.07743 0.99672 -0.0623775 -0.0159328 0.0593914 0.0591143
0.997262 0.0683402 0.0282684 -0.0702752 0.994755 0.074326 -0.0230407 -0.076109 0.996833 -0.0620615 -0.0158526 0.0583655 0.0591149
0.9974 0.0666482 0.0274142 -0.0684189 0.995217 0.0697297 -0.0226357 -0.071424 0.997189 -0.0605396 -0.0153106 0.0544689 0.059118
0.997433 0.0662093 0.0272725 -0.0680252 0.995071 0.0721476 -0.0223613 -0.0738176 0.997021 -0.0601695 -0.0154065 0.0564852 0.0591159
0.997451 0.0654472 0.0284245 -0.0673935 0.994979 0.0739889 -0.0234394 -0.0757159 0.996854 -0.0597009 -0.01546 0.0578667 0.0591145
0.997517 0.0646263 0.0279778 -0.0664937 0.995189 0.0719575 -0.0231929 -0.0736392 0.997015 -0.058931 -0.0152209 0.056154 0.0591137
0.997412 0.0659389 0.0286539 -0.0679023 0.994941 0.0740321 -0.0236274 -0.0757861 0.996844 -0.0600468 -0.0156489 0.0579146 0.0591153
0.997469 0.066218 0.0258874 -0.0680759 0.994541 0.079076 -0.0205099 -0.0806382 0.996532 -0.0598482 -0.0160304 0.0625127 0.0591083
0.997411 0.0666912 0.0268928 -0.068399 0.995298 0.068581 -0.0221926 -0.0702429 0.997283 -0.0603086 -0.0153628 0.0535577 0.0591182
0.997201 0.0688712 0.0290956 -0.0708273 0.994841 0.072631 -0.0239433 -0.0744885 0.996934 -0.0623659 -0.0159897 0.0568636 0.0591149
0.997206 0.0697176 0.0268263 -0.0716531 0.994245 0.0796399 -0.0211196 -0.0813396 0.996463 -0.0627626 -0.0166373 0.0630279 0.0591099
0.99741 0.0674958 0.0248664 -0.0690622 0.995244 0.0687078 -0.0201106 -0.0702472 0.997327 -0.0606712 -0.0155392 0.0537981 0.0591191
0.997223 0.0692263 0.0274699 -0.0708935 0.995348 0.065249 -0.0228251 -0.0670152 0.997491 -0.0624568 -0.0155358 0.0506333 0.0591214
0.997201 0.0692224 0.0282609 -0.0712852 0.99424 0.0800366 -0.0225578 -0.0818271 0.996391 -0.0625758 -0.0167237 0.0630356 0.0591083
0.99728 0.06867 0.0267591 -0.070647 0.994148 0.0817203 -0.0209907 -0.0833885 0.996296 -0.0619356 -0.016776 0.0645386 0.0591051
0.997289 0.0687392 0.0262787 -0.0704086 0.995128 0.0690066 -0.0214072 -0.0706697 0.99727 -0.0619374 -0.0158163 0.0537643 0.0591183
0.997148 0.0703684 0.0272638 -0.0722551 0.994498 0.0758464 -0.0217766 -0.0776 0.996747 -0.063421 -0.0165398 0.0595165 0.0591131
0.997125 0.0704412 0.0279412 -0.0723585 0.994564 0.0748772 -0.0225149 -0.0766837 0.996801 -0.0636107 -0.0164603 0.0585656 0.0591136
0.997184 0.0699933 0.0269115 -0.0717971 0.994728 0.0732268 -0.0216442 -0.0749528 0.996952 -0.0631764 -0.0161511 0.0571621 0.0591149
0.997158 0.0702932 0.0270903 -0.0721457 0.994579 0.0748836 -0.0216796 -0.0766252 0.996824 -0.0634693 -0.0162716 0.0585159 0.0591137
0.997187 0.0696631 0.0276679 -0.071601 0.994484 0.0766483 -0.0221757 -0.0784138 0.996674 -0.0631046 -0.0162057 0.059838 0.0591116
0.997197 0.0699971 0.0264218 -0.0717816 0.994668 0.0740497 -0.0210976 -0.0757388 0.996904 -0.0632924 -0.0159107 0.0576821 0.0591151
0.99727 0.068164 0.0284098 -0.0700652 0.994912 0.0723969 -0.0233303 -0.0741897 0.996971 -0.0620436 -0.0155272 0.0559842 0.0591155
0.997098 0.0687611 0.0326872 -0.0710894 0.99454 0.0764014 -0.0272552 -0.0785034 0.996541 -0.0631095 -0.0159599 0.0589523 0.0591127
0.997308 0.067745 0.0280493 -0.0697222 0.994603 0.0768358 -0.0226927 -0.0785846 0.996649 -0.0616422 -0.0158253 0.0597022 0.059113
0.997468 0.0657858 0.0270201 -0.0676756 0.994786 0.0762925 -0.0218602 -0.0779279 0.996719 -0.0598064 -0.0156052 0.059296 0.0591136
0.997516 0.0641845 0.0290242 -0.0660406 0.995477 0.0682999 -0.0245091 -0.070047 0.997243 -0.0587676 -0.014887 0.0521674 0.0591201
0.997554 0.0636749 0.0288365 -0.0655094 0.995538 0.0679127 -0.0243835 -0.0696357 0.997274 -0.0583405 -0.0147964 0.0517675 0.0591195
0.997612 0.0631101 0.0280663 -0.065233 0.994448 0.0825739 -0.0226993 -0.0842075 0.99619 -0.0578258 -0.0157685 0.0641435 0.0591079
0.99758 0.0634576 0.0283967 -0.0656333 0.994327 0.0837061 -0.0229238 -0.0853673 0.996086 -0.0581675 -0.0158799 0.0650157 0.059103
0.997512 0.0643077 0.0288821 -0.0662555 0.995165 0.0724979 -0.0240803 -0.0742312 0.99695 -0.0589855 -0.0151233 0.0553872 0.059116
0.997309 0.066733 0.0303511 -0.0688037 0.994937 0.0732585 -0.0253086 -0.0751496 0.996851 -0.0611954 -0.0154203 0.0559366 0.0591168
0.997442 0.0660828 0.0272535 -0.0679464 0.994916 0.0743293 -0.0222031 -0.075991 0.996861 -0.0602496 -0.0153536 0.0570499 0.0591154
0.997437 0.0655021 0.0287814 -0.0674862 0.994939 0.0744456 -0.0237594 -0.0761972 0.99681 -0.0599619 -0.0153586 0.0568866 0.0591162
0.997436 0.0647309 0.0305249 -0.0668281 0.995047 0.0735916 -0.0256101 -0.0754428 0.996821 -0.0595486 -0.0151989 0.0558696 0.0591149
0.997467 0.0647413 0.0294477 -0.0668879 0.994632 0.0789462 -0.0241785 -0.0807159 0.996444 -0.0593948 -0.0155875 0.06044 0.0591122
0.997527 0.0644708 0.0279984 -0.0665405 0.994517 0.080671 -0.0226439 -0.0823345 0.996347 -0.0589188 -0.0157245 0.0619749 0.0591081
0.997393 0.0653959 0.0305147 -0.0674892 0.995006 0.0735357 -0.0255534 -0.0754034 0.996826 -0.0599917 -0.0153324 0.0556312 0.0591156
0.997343 0.0665287 0.0296716 -0.0685435 0.994971 0.0730442 -0.0246628 -0.0748839 0.996887 -0.0608184 -0.0154435 0.0552227 0.0591174
0.997375 0.0664994 0.0286352 -0.0684522 0.994929 0.0736988 -0.0235891 -0.0754655 0.996869 -0.0605873 -0.0155075 0.0558512 0.0591158
0.99726 0.0674388 0.0303949 -0.0697782 0.994025 0.0839361 -0.0245527 -0.085827 0.996007 -0.0616088 -0.0163741 0.0642976 0.0591111
0.997258 0.0679402 0.029328 -0.0702259 0.99385 0.0856158 -0.0233309 -0.0874407 0.995896 -0.0618251 -0.0165189 0.0658343 0.0591037
0.997266 0.0668775 0.0314168 -0.068887 0.995307 0.0679589 -0.0267245 -0.0699373 0.997193 -0.0611841 -0.0152131 0.0505531 0.0591227
0.997101 0.0691703 0.0317102 -0.0714073 0.994556 0.0758902 -0.0262883 -0.0779346 0.996612 -0.0630973 -0.0160248 0.057336 0.059117
0.997354 0.0673354 0.0273934 -0.0693941 0.994143 0.0828466 -0.0216544 -0.0845283 0.996186 -0.0609257 -0.0163025 0.0635905 0.059111
0.997247 0.0674352 0.0308488 -0.0698006 0.994067 0.0834184 -0.0250404 -0.085342 0.996037 -0.061438 -0.0165197 0.063688 0.05911
0.997226 0.0683212 0.0295488 -0.0704609 0.994402 0.0787416 -0.0240036 -0.0806051 0.996457 -0.0619845 -0.0162898 0.0598466 0.0591161
0.997206 0.0684942 0.029802 -0.0704332 0.995072 0.0697863 -0.0248752 -0.0716904 0.997117 -0.0621858 -0.0155674 0.0521795 0.0591214
0.997104 0.0688642 0.0322649 -0.071031 0.994895 0.0716787 -0.0271641 -0.0737629 0.996906 -0.0627505 -0.0158317 0.053586 0.0591177
0.99735 0.0664423 0.0296223 -0.0687295 0.99406 0.0843879 -0.0238394 -0.0862003 0.995993 -0.0603267 -0.0164463 0.0645488 0.0591095
0.997383 0.0660746 0.029339 -0.068167 0.994681 0.0772158 -0.0240809 -0.0790137 0.996583 -0.0599644 -0.0157739 0.0584899 0.0591135
0.997483 0.0656497 0.0267969 -0.0674003 0.995217 0.0707152 -0.0220263 -0.0723433 0.997137 -0.0592032 -0.0152161 0.0532548 0.0591193
0.997418 0.0661058 0.0280649 -0.0681698 0.994429 0.0803927 -0.0225941 -0.0820983 0.996368 -0.0597183 -0.0159928 0.0613535 0.0591119
0.997401 0.0671201 0.0262079 -0.0690962 0.994095 0.0836711 -0.0204371 -0.0852645 0.996149 -0.0603065 -0.0162659 0.0643352 0.0591084
0.997356 0.0679824 0.0256809 -0.0698251 0.994394 0.0794014 -0.020139 -0.0809846 0.996512 -0.0609531 -0.0161414 0.0607308 0.0591134
0.997171 0.0693538 0.0289956 -0.0713446 0.99467 0.0744475 -0.0236778 -0.0763055 0.996803 -0.0625039 -0.0159768 0.0562393 0.0591177
0.99703 0.0710214 0.0297748 -0.0729682 0.994847 0.0703979 -0.0246216 -0.0723615 0.997075 -0.0639324 -0.0158756 0.0528103 0.0591219
0.997047 0.0706405 0.0301048 -0.0728722 0.994052 0.0809397 -0.0242081 -0.0828945 0.996264 -0.0635324 -0.0167331 0.0617669 0.0591111
0.997286 0.0690799 0.0254594 -0.0709498 0.994116 0.0818498 -0.0196554 -0.083434 0.996319 -0.0615129 -0.0166594 0.0629621 0.0591108
0.997262 0.0686516 0.0274919 -0.0703871 0.995191 0.068126 -0.0226827 -0.0698745 0.997298 -0.0613204 -0.0155545 0.0511785 0.0591224
0.99712 0.0699519 0.0292912 -0.0720978 0.994178 0.0800767 -0.0235192 -0.081958 0.996358 -0.062574 -0.0166371 0.0611966 0.0591117
0.99729 0.0687905 0.0260908 -0.0706033 0.994569 0.0764661 -0.020689 -0.0781009 0.996731 -0.0611667 -0.0162559 0.0583199 0.0591126
0.997312 0.0679308 0.0274796 -0.0696452 0.995308 0.0671727 -0.0227876 -0.0689059 0.997363 -0.0605849 -0.0154603 0.0502539 0.059122
0.997018 0.0703836 0.0316468 -0.0727706 0.993975 0.0819667 -0.025687 -0.0840252 0.996132 -0.0630775 -0.0169425 0.062516 0.0591108
0.997048 0.0709276 0.0294196 -0.0732157 0.993617 0.0858159 -0.0231451 -0.0877165 0.995877 -0.0631652 -0.0173578 0.0659938 0.059104
0.997026 0.0720339 0.0274053 -0.0738847 0.994524 0.0739076 -0.0219314 -0.0757126 0.996888 -0.0636872 -0.0167715 0.0561437 0.0591176
0.996809 0.0741865 0.0294605 -0.0761284 0.994536 0.0714306 -0.0240004 -0.0734455 0.99701 -0.0656454 -0.0168904 0.0539588 0.0591201
0.996519 0.0772279 0.0313995 -0.0793732 0.99409 0.0740592 -0.0254945 -0.0762937 0.996759 -0.0683279 -0.0175354 0.0561287 0.0591164
0.996573 0.077291 0.0294513 -0.0795044 0.993341 0.0833813 -0.0228105 -0.0854371 0.996082 -0.0680253 -0.0183127 0.0642062 0.0591102
0.99649 0.0791144 0.0273571 -0.0811065 0.993358 0.0816206 -0.0207181 -0.0835529 0.996288 -0.0691756 -0.0183755 0.0629401 0.0591109
0.996315 0.0808756 0.0285721 -0.0827647 0.993917 0.072662 -0.0225217 -0.0747589 0.996947 -0.0706712 -0.0179939 0.0553042 0.0591193
0.995853 0.0839126 0.0351389 -0.0863578 0.993431 0.0750808 -0.0286079 -0.077804 0.996558 -0.0739355 -0.018624 0.0569387 0.0591151
0.995768 0.0861718 0.0319337 -0.0884386 0.993014 0.078118 -0.024979 -0.0806116 0.996433 -0.0752584 -0.0191569 0.0598655 0.0591146
0.996219 0.0832993 0.0246739 -0.0849316 0.993572 0.0748407 -0.0182811 -0.0766533 0.99689 -0.0716826 -0.0186342 0.0576444 0.0591174
0.995886 0.0842828 0.0332843 -0.0863069 0.994148 0.0649614 -0.0276144 -0.0675668 0.997333 -0.0734741 -0.0180945 0.0486114 0.0591239
0.995788 0.0853012 0.0336149 -0.0876365 0.993285 0.0755319 -0.0269462 -0.0781597 0.996577 -0.074255 -0.0190321 0.0575926 0.0591128
0.99592 0.0861283 0.0269386 -0.088169 0.992296 0.0870321 -0.0192352 -0.0890521 0.995841 -0.0738471 -0.0199599 0.06805 0.0591032
0.995636 0.0879875 0.0310895 -0.0901319 0.99302 0.0760797 -0.0241784 -0.0785499 0.996617 -0.0757677 -0.0194769 0.0585597 0.0591148
0.99534 0.090754 0.0325772 -0.0927824 0.993405 0.0673684 -0.0262484 -0.0700771 0.997196 -0.0781296 -0.0191577 0.051179 0.0591222
0.995226 0.0935626 0.0277878 -0.0952924 0.993031 0.0693439 -0.0211061 -0.0716608 0.997206 -0.0796345 -0.0197225 0.0534184 0.0591222
0.994931 0.0964359 0.028503 -0.0985059 0.991635 0.0834065 -0.0202212 -0.0857914 0.996108 -0.0819783 -0.0211619 0.0654541 0.0591087
0.994701 0.0980647 0.0308617 -0.100303 0.991562 0.082118 -0.0225484 -0.0847784 0.996145 -0.0834685 -0.0213075 0.0643219 0.0591076
0.994335 0.100407 0.0348862 -0.102567 0.992474 0.0669057 -0.0279058 -0.0701048 0.997149 -0.0858286 -0.0205237 0.0512097 0.0591219
0.994015 0.104118 0.0330845 -0.106217 0.991895 0.0697355 -0.0255557 -0.0728322 0.997017 -0.0885047 -0.0211124 0.0540058 0.0591183
0.994473 0.101338 0.0274634 -0.103142 0.991828 0.0750945 -0.0196291 -0.0775121 0.996798 -0.085197 -0.0213322 0.0589971 0.0591178
0.994369 0.102146 0.0282276 -0.104117 0.991297 0.0805655 -0.0197525 -0.0830508 0.99635 -0.0858503 -0.0218853 0.0637131 0.0591109
0.994404 0.102404 0.025976 -0.10419 0.991278 0.0806964 -0.0174858 -0.0829512 0.9964 -0.0856748 -0.0220098 0.0640416 0.0591113
0.994164 0.102007 0.035104 -0.104207 0.992235 0.0679001 -0.0279052 -0.0711619 0.997074 -0.0864994 -0.021083 0.0525832 0.0591206
0.994055 0.102768 0.0359719 -0.105075 0.99203 0.0695362 -0.0285392 -0.0729025 0.996931 -0.0871645 -0.0213494 0.0540684 0.059118
0.994666 0.0994666 0.0273051 -0.101243 0.992102 0.0740474 -0.0197242 -0.0764169 0.996881 -0.0831038 -0.0213698 0.0585875 0.0591156
0.99475 0.0977809 0.0301733 -0.0998171 0.992127 0.0756321 -0.0225403 -0.0782469 0.996679 -0.0819564 -0.0213502 0.0598873 0.0591137
0.994637 0.0989181 0.030203 -0.100958 0.991996 0.075834 -0.0224599 -0.0784765 0.996663 -0.0829202 -0.0214181 0.0602168 0.0591123
0.994665 0.100212 0.0244671 -0.101821 0.991811 0.0771001 -0.0165404 -0.07918 0.996723 -0.0833156 -0.0215853 0.0617835 0.0591132
0.994404 0.102046 0.027345 -0.103794 0.991932 0.0727841 -0.0196971 -0.075215 0.996973 -0.0852988 -0.0213944 0.0580756 0.059117
0.994067 0.102928 0.0351718 -0.10515 0.992087 0.0686056 -0.0278321 -0.0718969 0.997024 -0.0872222 -0.0211188 0.0540704 0.0591182
0.994455 0.100696 0.0303298 -0.102515 0.992537 0.0660379 -0.0234537 -0.068781 0.997356 -0.084835 -0.0206971 0.0521952 0.0591197
0.994963 0.0976095 0.0228472 -0.099012 0.99251 0.071551 -0.015692 -0.0734527 0.997175 -0.081289 -0.0207223 0.0575278 0.0591174
0.995184 0.093595 0.0291297 -0.0955645 0.992533 0.0758048 -0.0218173 -0.0782235 0.996697 -0.0788777 -0.0205932 0.0606961 0.059112
0.995462 0.0908429 0.0283524 -0.0926343 0.993234 0.0700315 -0.0217988 -0.07234 0.997142 -0.0766494 -0.0197774 0.055834 0.0591123
0.995756 0.0885677 0.025011 -0.0899784 0.993985 0.0624329 -0.019331 -0.0644184 0.997736 -0.0744902 -0.0187526 0.0496536 0.0591223
0.995811 0.087675 0.0259499 -0.0893653 0.993292 0.0733751 -0.0193427 -0.0753868 0.996967 -0.0740039 -0.0193595 0.0589861 0.0591118
0.996202 0.0834426 0.0248681 -0.0850974 0.993525 0.0752736 -0.0184261 -0.0771039 0.996853 -0.0705171 -0.0189568 0.060629 0.0591105
0.996171 0.0835995 0.0255629 -0.0852088 0.993889 0.070179 -0.0195398 -0.0720885 0.997207 -0.0709307 -0.0184523 0.0563458 0.0591154
0.996252 0.0832219 0.0235685 -0.0846955 0.993904 0.0705825 -0.0175508 -0.0723141 0.997227 -0.0705308 -0.0183357 0.0569435 0.0591155
0.996405 0.0818469 0.0218493 -0.083247 0.993809 0.0735796 -0.0156917 -0.075134 0.99705 -0.0693242 -0.0183513 0.0596816 0.0591123
0.996478 0.0807008 0.0227817 -0.0820968 0.994232 0.0690158 -0.0170806 -0.0706431 0.997355 -0.0687255 -0.017799 0.0557061 0.0591182
0.996479 0.0808874 0.0220803 -0.0822938 0.99395 0.0727357 -0.0160633 -0.0742967 0.997107 -0.0690154 -0.0179807 0.0589305 0.0591131
0.996578 0.0797457 0.0217287 -0.0810466 0.994415 0.0676081 -0.0162159 -0.0691378 0.997475 -0.0682393 -0.0173782 0.0545617 0.0591169
0.996664 0.0785911 0.0219984 -0.0799737 0.994245 0.0712804 -0.0162698 -0.0728019 0.997214 -0.0674985 -0.0174556 0.0576348 0.0591151
0.996657 0.078769 0.0216759 -0.0802583 0.993588 0.0796295 -0.0152646 -0.081103 0.996589 -0.0677404 -0.0180004 0.0648299 0.0591076
0.996626 0.0790202 0.0221941 -0.0804139 0.994218 0.0711591 -0.0164428 -0.0727037 0.997218 -0.0681453 -0.0173225 0.0576593 0.0591139
0.996666 0.0788835 0.0208267 -0.0801577 0.994335 0.069808 -0.015202 -0.0712447 0.997343 -0.0679479 -0.0171776 0.0567083 0.0591165
0.996682 0.0786073 0.0211099 -0.0799338 0.994208 0.0718447 -0.0153401 -0.0732937 0.997192 -0.0678395 -0.0172678 0.0584724 0.0591159
0.996635 0.0786879 0.0229402 -0.0801462 0.9942 0.0717077 -0.0171646 -0.073305 0.997162 -0.0682462 -0.0172386 0.0582243 0.0591152
0.996645 0.0788874 0.021814 -0.0802981 0.994026 0.0739244 -0.015852 -0.075428 0.997025 -0.0683547 -0.0174029 0.060229 0.0591123
0.996669 0.078738 0.021252 -0.0800974 0.994087 0.0733213 -0.0153531 -0.0747793 0.997082 -0.0682295 -0.0173348 0.0597764 0.0591134
0.996685 0.0785391 0.0212258 -0.0798709 0.994228 0.0716294 -0.0154776 -0.0730872 0.997205 -0.0681397 -0.017189 0.0583259 0.0591151
0.996706 0.0784679 0.0204732 -0.0797636 0.994145 0.0728962 -0.0146334 -0.0742891 0.997129 -0.0680741 -0.0173026 0.0594226 0.0591154
0.996667 0.0787609 0.0212306 -0.0801332 0.994013 0.0742688 -0.015254 -0.0757226 0.997012 -0.0684915 -0.0174681 0.0604854 0.0591135
0.996582 0.0792205 0.0234364 -0.0807124 0.994161 0.0716245 -0.0176254 -0.0732713 0.997156 -0.0692128 -0.0173357 0.0580281 0.0591141
0.996631 0.0787977 0.0227287 -0.0802451 0.994172 0.0719923 -0.0169234 -0.0735736 0.997146 -0.0688172 -0.0173444 0.0583392 0.0591144
0.996668 0.0790008 0.0202887 -0.0803191 0.993904 0.0755192 -0.014199 -0.0768972 0.996938 -0.068641 -0.0176106 0.0615723 0.0591118
0.996601 0.079459 0.0217442 -0.0808482 0.99405 0.0729932 -0.0158149 -0.074503 0.997095 -0.069225 -0.0174843 0.0592799 0.059115
0.996478 0.0804283 0.0237293 -0.0819378 0.994064 0.0715698 -0.0178323 -0.0732621 0.997153 -0.0702972 -0.0174514 0.0579032 0.0591144
0.996461 0.0809815 0.0225476 -0.082443 0.993846 0.0739811 -0.0164178 -0.0755782 0.997005 -0.0706216 -0.0177184 0.0600153 0.059114
0.996479 0.0811621 0.0210508 -0.0825107 0.993837 0.074025 -0.014913 -0.0755012 0.997034 -0.0706053 -0.0176394 0.0601283 0.0591122
0.996517 0.0808394 0.0204859 -0.0821355 0.993924 0.0732777 -0.0144377 -0.074705 0.997101 -0.0702805 -0.0175834 0.0594695 0.0591153
0.996382 0.0819491 0.0225192 -0.083439 0.99361 0.0760067 -0.0161466 -0.0776106 0.996853 -0.0715226 -0.0179675 0.061526 0.0591128
0.996205 0.0839952 0.0227956 -0.0855272 0.993307 0.0776321 -0.0161223 -0.0792871 0.996721 -0.0732901 -0.0183497 0.062881 0.0591126
0.996176 0.0837886 0.0247562 -0.0853569 0.993809 0.0711164 -0.0186442 -0.0729575 0.997161 -0.0734014 -0.0178905 0.0571051 0.0591163
0.996061 0.0848427 0.0257545 -0.0865009 0.993638 0.0721163 -0.0194721 -0.0740601 0.997064 -0.0743622 -0.0181991 0.0579113 0.0591148
0.996192 0.0842429 0.0224428 -0.0857251 0.993393 0.0762984 -0.015867 -0.0779318 0.996832 -0.0733732 -0.0184425 0.0617421 0.0591137
0.996065 0.0848131 0.0257068 -0.0864906 0.993553 0.0732867 -0.0193254 -0.0752217 0.99698 -0.0742378 -0.0182702 0.0589656 0.0591142
0.996095 0.0846032 0.0252308 -0.0862362 0.993612 0.0727951 -0.018911 -0.0746867 0.997028 -0.0739783 -0.018231 0.058569 0.0591153
0.996192 0.0840429 0.0232163 -0.0855123 0.993736 0.0719411 -0.0170248 -0.0736524 0.997139 -0.0732466 -0.0180175 0.0579683 0.0591157
0.996199 0.0839723 0.0231603 -0.0854225 0.993809 0.0710453 -0.0170511 -0.0727536 0.997204 -0.0731507 -0.0179609 0.0572023 0.0591165
0.996165 0.0841433 0.0239989 -0.0857606 0.99333 0.0770698 -0.0173539 -0.0788323 0.996737 -0.0734186 -0.0184491 0.0621893 0.0591113
0.996362 0.0821606 0.0226152 -0.0835804 0.993944 0.0713396 -0.0166169 -0.0729703 0.997196 -0.0715758 -0.0177989 0.0573035 0.0591168
0.996293 0.0824683 0.0244595 -0.0838672 0.994477 0.063104 -0.0191203 -0.0649214 0.997707 -0.0720148 -0.017174 0.0501704 0.0591216
0.996149 0.083544 0.0266104 -0.0853414 0.993473 0.0756868 -0.0201135 -0.0776663 0.996776 -0.0731002 -0.018392 0.0607203 0.0591108
0.996362 0.0825207 0.0212845 -0.0839891 0.993155 0.0811695 -0.0144406 -0.0826618 0.996473 -0.0714481 -0.0185678 0.0658132 0.0591045
0.996385 0.0819525 0.0223631 -0.0832762 0.994297 0.0666296 -0.0167751 -0.0682511 0.997527 -0.0709722 -0.0174106 0.0534146 0.0591202
0.996003 0.0858241 0.0247561 -0.0874241 0.993485 0.0731033 -0.0183208 -0.0749754 0.997017 -0.0744154 -0.0183699 0.0588546 0.0591132
0.996086 0.0853021 0.0231613 -0.0867613 0.993641 0.0717576 -0.0168929 -0.0734862 0.997153 -0.0736749 -0.0182321 0.0578057 0.0591165
0.996081 0.0853422 0.0232393 -0.086813 0.993612 0.0721058 -0.0169372 -0.0738407 0.997126 -0.0736041 -0.0182783 0.0580936 0.0591159
0.995988 0.0862188 0.0239835 -0.0877673 0.993424 0.0735242 -0.0174866 -0.0753341 0.997005 -0.0743104 -0.0185877 0.0592696 0.0591132
0.996234 0.0841255 0.0209742 -0.085373 0.994015 0.0681521 -0.0151154 -0.0696861 0.997454 -0.0721112 -0.0180072 0.0548048 0.0591173
0.996389 0.0818344 0.0226445 -0.0830932 0.994626 0.0617569 -0.017469 -0.0634155 0.997834 -0.0703239 -0.0172854 0.0491416 0.0591231
0.996228 0.0832528 0.0244731 -0.0848778 0.993544 0.0752789 -0.0180479 -0.0770721 0.996862 -0.0716801 -0.0185899 0.0604373 0.0591111
0.996328 0.0830119 0.0209579 -0.0844405 0.993181 0.0803781 -0.0141426 -0.0818527 0.996544 -0.0709512 -0.0189372 0.064993 0.0591033
0.996337 0.0828996 0.0209694 -0.0841574 0.994083 0.0686757 -0.0151521 -0.0701889 0.997419 -0.0707413 -0.0180912 0.0550318 0.0591168
0.995822 0.0871564 0.0272309 -0.0888868 0.993537 0.0705945 -0.0209022 -0.07272 0.997133 -0.075011 -0.0187623 0.0562541 0.0591144
0.995793 0.0881125 0.0251328 -0.0896604 0.993571 0.0691205 -0.0188809 -0.0710831 0.997292 -0.0754273 -0.0187253 0.0551504 0.0591147
0.995896 0.0871578 0.0243755 -0.0886064 0.993843 0.0665267 -0.0184271 -0.0684136 0.997487 -0.0743825 -0.0184311 0.0529705 0.0591191
0.995902 0.0867766 0.0254569 -0.0884815 0.993174 0.0759998 -0.0186881 -0.0779409 0.996783 -0.0740328 -0.0191455 0.0609249 0.0591104
0.995997 0.0858967 0.0247503 -0.0874645 0.993606 0.0713891 -0.01846 -0.0732681 0.997141 -0.0731245 -0.0187081 0.0569423 0.059113
0.996117 0.0842318 0.0256161 -0.085651 0.994483 0.0605567 -0.0203739 -0.0625156 0.997836 -0.0717634 -0.0176487 0.0475404 0.0591212
0.996028 0.0852487 0.0256988 -0.0869443 0.993438 0.0743119 -0.0191951 -0.0762511 0.996904 -0.0724581 -0.0189271 0.0592381 0.0591122
0.996165 0.0834685 0.026239 -0.0852849 0.993291 0.0781048 -0.0195436 -0.0800431 0.9966 -0.070926 -0.0190646 0.0622945 0.0591078
0.99614 0.0842774 0.0245364 -0.0857638 0.994017 0.0676374 -0.0186893 -0.0694807 0.997408 -0.0712884 -0.018434 0.0534739 0.0591163
0.995935 0.0871679 0.0227074 -0.0885634 0.993594 0.070192 -0.0164434 -0.0719177 0.997275 -0.0733229 -0.0190323 0.0558439 0.0591167
0.995589 0.0901096 0.0261438 -0.0919443 0.992505 0.0804939 -0.0186945 -0.0825426 0.996412 -0.0760982 -0.0201747 0.0643817 0.0591068
0.995286 0.0923598 0.0295924 -0.0942735 0.992969 0.071596 -0.0227717 -0.0740482 0.996995 -0.0783636 -0.0198204 0.0565237 0.0591137
0.995211 0.0940418 0.0266547 -0.0956892 0.992994 0.0693336 -0.0199477 -0.0715522 0.997237 -0.0792078 -0.0198161 0.0548873 0.0591176
0.995096 0.0952921 0.0265335 -0.097029 0.992489 0.074502 -0.0192347 -0.0767111 0.996868 -0.080052 -0.0203379 0.0593616 0.0591146
0.995166 0.0943161 0.0273596 -0.0961109 0.992609 0.0740983 -0.0201688 -0.0763697 0.996876 -0.0791736 -0.0202299 0.058924 0.0591128
0.995153 0.0947104 0.0264687 -0.0964039 0.992703 0.0724389 -0.0194148 -0.0746394 0.997022 -0.0792385 -0.020205 0.0575497 0.0591158
0.995301 0.0933582 0.0257119 -0.0949766 0.992925 0.0712735 -0.018876 -0.0733805 0.997125 -0.0778673 -0.0200816 0.0564804 0.0591171
0.995286 0.0933184 0.0264054 -0.0949335 0.993123 0.0685205 -0.0198296 -0.0707043 0.9973 -0.0777935 -0.0199569 0.0540039 0.0591186
0.995322 0.0926852 0.0272805 -0.0943767 0.993132 0.0691534 -0.0206836 -0.0714045 0.997233 -0.0772244 -0.0200419 0.0543747 0.0591175
0.995245 0.0944671 0.0237187 -0.0960226 0.99244 0.0764422 -0.0163181 -0.0783563 0.996792 -0.0780606 -0.0208537 0.0608372 0.0591099
0.995232 0.094761 0.0231078 -0.0962996 0.992254 0.078481 -0.0154918 -0.0803321 0.996648 -0.0780109 -0.0210904 0.0626062 0.0591096
0.994755 0.0984124 0.0278748 -0.100211 0.992292 0.0728933 -0.0204863 -0.0753044 0.99695 -0.0814946 -0.0210705 0.057616 0.0591134
0.994447 0.101604 0.0274036 -0.103267 0.992307 0.068287 -0.0202545 -0.0707377 0.997289 -0.083877 -0.0210791 0.0538351 0.0591179
0.994394 0.103432 0.0219569 -0.104799 0.991689 0.0746323 -0.014055 -0.076515 0.996969 -0.0844637 -0.0218022 0.059662 0.0591151
0.994467 0.102168 0.0244188 -0.103667 0.992067 0.071105 -0.0169604 -0.0732431 0.99717 -0.083471 -0.0215104 0.0564792 0.0591177
0.994284 0.103366 0.0267242 -0.104998 0.992049 0.0693777 -0.0193405 -0.0717871 0.997232 -0.0846085 -0.0215793 0.0548059 0.059118
0.994275 0.104024 0.0244068 -0.105557 0.991698 0.0734376 -0.0165649 -0.0755935 0.997001 -0.0845784 -0.0220425 0.0584453 0.0591131
0.994374 0.103269 0.0235571 -0.104733 0.991821 0.0729545 -0.0158304 -0.0750113 0.997057 -0.0835807 -0.0220301 0.0580289 0.059114
0.993996 0.106009 0.0271 -0.107651 0.991805 0.0688058 -0.0195839 -0.07131 0.997262 -0.0860233 -0.0220487 0.0543703 0.0591168
0.993968 0.106892 0.0245315 -0.108418 0.991428 0.0729147 -0.0165273 -0.0751346 0.997036 -0.0860767 -0.0225271 0.0580837 0.0591151
0.993779 0.108352 0.0257321 -0.109898 0.991536 0.0691266 -0.0180243 -0.0715245 0.997276 -0.0870538 -0.0225133 0.0548897 0.0591176
0.993621 0.110007 0.0248098 -0.111471 0.991409 0.0684235 -0.0170696 -0.0707526 0.997348 -0.0879207 -0.0227176 0.0544179 0.0591187
0.993472 0.111176 0.0255424 -0.112748 0.991026 0.0717944 -0.0173314 -0.0742056 0.997092 -0.0885034 -0.0232533 0.0573512 0.0591152
0.993265 0.113536 0.0231135 -0.114885 0.990961 0.0692693 -0.01504 -0.0714582 0.99733 -0.0896814 -0.023449 0.0554264 0.0591183
0.992567 0.119526 0.0228918 -0.120869 0.990134 0.0708965 -0.0141919 -0.0731365 0.997221 -0.0941704 -0.0242654 0.056979 0.0591173
0.992101 0.123235 0.0234272 -0.124588 0.989767 0.0695583 -0.0146154 -0.0719276 0.997303 -0.0967995 -0.0246361 0.0558906 0.0591175
0.99173 0.126932 0.0189884 -0.127886 0.989805 0.0627038 -0.0108358 -0.0646136 0.997852 -0.098771 -0.0246466 0.0502947 0.0591248
0.99116 0.131919 0.0141361 -0.132572 0.988946 0.0664182 -0.00521796 -0.0677051 0.997692 -0.101741 -0.0256008 0.0537334 0.0591227
0.990162 0.138045 0.0228631 -0.139372 0.987509 0.0734961 -0.0124317 -0.0759596 0.997033 -0.107435 -0.0268128 0.0594883 0.059115
0.990176 0.137294 0.0265064 -0.138799 0.988029 0.0673295 -0.0169451 -0.0703471 0.997379 -0.106678 -0.026592 0.054042 0.0591157
0.990552 0.136127 0.0165989 -0.13691 0.988593 0.0627612 -0.00786605 -0.0644408 0.997891 -0.103719 -0.0263811 0.0506897 0.0591227
0.991033 0.133081 0.011971 -0.133597 0.988494 0.070927 -0.00239426 -0.0718903 0.99741 -0.100053 -0.026946 0.0579471 0.0591185
0.99184 0.126943 0.0117987 -0.127476 0.988849 0.0769924 -0.00189345 -0.0778682 0.996962 -0.0946323 -0.0269251 0.0631623 0.0591069
0.992992 0.117693 0.0107087 -0.118142 0.990857 0.0651477 -0.0029434 -0.0659564 0.997818 -0.0868547 -0.0251111 0.0530704 0.059123
0.993967 0.109467 0.00680697 -0.10967 0.991217 0.0739021 0.00134264 -0.0742027 0.997242 -0.0799431 -0.0246784 0.0607497 0.059119
0.995297 0.0968363 -0.00251531 -0.0963299 0.992161 0.0796069 0.0102044 -0.0789902 0.996823 -0.0690708 -0.0232159 0.0662192 0.0591223
0.996682 0.0812781 -0.00423128 -0.0807106 0.993743 0.0772074 0.0104801 -0.0766097 0.997006 -0.0570676 -0.0206381 0.0643361 0.0591342
0.997656 0.0680002 -0.00768554 -0.067124 0.994242 0.0835322 0.0133215 -0.0828205 0.996475 -0.047182 -0.0185315 0.0700097 0.0591359
0.998635 0.0492603 -0.0173407 -0.0475172 0.994843 0.0896123 0.0216656 -0.088666 0.995826 -0.0321827 -0.0155446 0.0762341 0.0591415
0.999246 0.030343 -0.0242113 -0.0281762 0.995956 0.0853048 0.0267018 -0.0845583 0.996061 -0.0176525 -0.0114493 0.0735763 0.0591482
0.999666 0.0137925 -0.0218469 -0.0121036 0.997062 0.0756355 0.022826 -0.0753458 0.996896 -0.00641486 -0.00733274 0.0651205 0.05916
0.999649 -0.00401067 -0.0261923 0.00636268 0.99589 0.0903418 0.0257223 -0.0904768 0.995566 0.00659488 -0.00419466 0.0782104 0.0591429
0.999166 -0.0227932 -0.0338786 0.0257426 0.995669 0.0893383 0.0316956 -0.0901359 0.995425 0.0207928 0.000398508 0.0788334 0.0591487
0.998531 -0.0372009 -0.0393947 0.0406084 0.995153 0.0895595 0.0358721 -0.0910277 0.995202 0.0310868 0.00430179 0.0802109 0.0591443
0.997923 -0.0486072 -0.0422805 0.0524708 0.99403 0.0956644 0.0373781 -0.0976842 0.994515 0.0386478 0.0072307 0.0859667 0.0591369
0.997353 -0.0599509 -0.0411444 0.0634085 0.994044 0.0886347 0.0355856 -0.091009 0.995214 0.0457117 0.0108732 0.0799934 0.0591397
0.996738 -0.0680851 -0.0433437 0.0716246 0.993703 0.0861608 0.0372045 -0.0889842 0.995338 0.0506872 0.013609 0.0784714 0.0591379
0.995913 -0.0745796 -0.0509395 0.0793271 0.99196 0.0986074 0.0431758 -0.102245 0.993822 0.0551685 0.0152662 0.0905841 0.0591252
0.995387 -0.080506 -0.0521797 0.0853119 0.991565 0.0975756 0.0438841 -0.101577 0.993859 0.0585024 0.0173313 0.0901225 0.0591231
0.99526 -0.0842366 -0.0485988 0.0882559 0.992244 0.0875388 0.0408479 -0.091413 0.994975 0.0595866 0.0191256 0.0810494 0.0591297
0.994932 -0.0858043 -0.0524296 0.0904092 0.991562 0.0928984 0.0440161 -0.0971677 0.994294 0.059976 0.0197196 0.0863961 0.0591234
0.994573 -0.0900203 -0.0521715 0.0944234 0.991529 0.089191 0.0437006 -0.0936331 0.994647 0.0621602 0.0213026 0.0834181 0.0591242
0.994467 -0.0912374 -0.0520764 0.0955516 0.991576 0.0874499 0.0436589 -0.091942 0.994807 0.0620727 0.0219794 0.0820473 0.0591233
0.994174 -0.0919883 -0.0561807 0.0969332 0.990958 0.0927694 0.047139 -0.0976747 0.994101 0.0622173 0.0223451 0.0875223 0.0591171
0.994112 -0.0930354 -0.055542 0.0978314 0.991034 0.0909977 0.046578 -0.0958957 0.994301 0.0621815 0.0228222 0.0860381 0.0591156
0.993846 -0.0942052 -0.0582661 0.0993409 0.990732 0.0926347 0.0489994 -0.0978528 0.993994 0.0627531 0.0233967 0.088007 0.0591164
0.993868 -0.0921354 -0.0611325 0.0977834 0.990476 0.0969353 0.0516191 -0.102319 0.993411 0.0608161 0.0228282 0.0923319 0.0591135
0.994496 -0.0922535 -0.0496757 0.0958358 0.992541 0.0753482 0.042354 -0.0796942 0.995919 0.0589424 0.0237527 0.0718573 0.0591223
0.994807 -0.0891241 -0.0491506 0.0927598 0.992671 0.0774618 0.0418866 -0.0816188 0.995783 0.0559651 0.0226315 0.0735673 0.0591324
0.993969 -0.0905776 -0.0618147 0.096126 0.990955 0.0936336 0.0527745 -0.0990109 0.993686 0.0584055 0.0223142 0.0902439 0.0591136
0.994568 -0.0878521 -0.0558344 0.0922156 0.992432 0.0810852 0.0482883 -0.0857935 0.995142 0.0552038 0.0217385 0.0787508 0.0591225
0.994465 -0.0876096 -0.0579991 0.092095 0.992547 0.0798058 0.0505751 -0.0847055 0.995122 0.0551209 0.0215793 0.0784705 0.0591209
0.994708 -0.0853795 -0.0571467 0.089711 0.992901 0.0780948 0.0500733 -0.0828082 0.995307 0.0531346 0.0208502 0.0770552 0.0591209
0.994562 -0.0826592 -0.0633596 0.087844 0.99259 0.0839587 0.0559501 -0.0890679 0.994453 0.0516012 0.0198484 0.0835306 0.059115
0.994333 -0.080193 -0.0697934 0.0860839 0.992574 0.0859478 0.0623827 -0.0914688 0.993852 0.0504102 0.0191015 0.0869263 0.0591129
0.99494 -0.0772302 -0.0642603 0.0816628 0.994235 0.0694764 0.0585241 -0.0743726 0.995512 0.047367 0.0190807 0.0721593 0.0591257
0.99499 -0.0716869 -0.0696886 0.0765149 0.994659 0.0692727 0.0643505 -0.0742578 0.995161 0.0436065 0.0177095 0.0733171 0.0591271
0.994351 -0.0689159 -0.0807226 0.0753195 0.994012 0.0791704 0.0747831 -0.0848032 0.993587 0.0428544 0.016476 0.0842814 0.0591181
0.994393 -0.0646364 -0.0836999 0.0709466 0.994675 0.0747498 0.0784227 -0.0802688 0.993683 0.0399305 0.0155316 0.0814283 0.0591222
0.993745 -0.0584957 -0.0951316 0.0660992 0.994693 0.0788434 0.0900147 -0.0846383 0.992337 0.0364133 0.0140544 0.0874214 0.0591172
0.993495 -0.0544679 -0.10001 0.0621416 0.995224 0.0752887 0.0954311 -0.0810136 0.992134 0.033923 0.0131926 0.0857159 0.0591194
0.992543 -0.0491723 -0.111537 0.0575238 0.995676 0.0729371 0.107468 -0.0788092 0.99108 0.0310873 0.0122598 0.0861296 0.0591221
0.991233 -0.0475476 -0.12327 0.0565883 0.995876 0.0709072 0.11939 -0.0772613 0.989837 0.0312157 0.0121171 0.0873333 0.0591282
0.991929 -0.0413531 -0.11986 0.0501066 0.99622 0.0709611 0.116472 -0.0763941 0.990252 0.0258905 0.0106752 0.0865053 0.0591231
0.99055 -0.0337141 -0.132944 0.0451857 0.995421 0.0842385 0.129495 -0.0894496 0.987537 0.0211336 0.00854524 0.100219 0.0591187
0.985072 -0.0371099 -0.168096 0.0530637 0.994396 0.0914338 0.163761 -0.0989887 0.981521 0.0276482 0.00957926 0.114915 0.0591081
0.986399 -0.0399654 -0.159438 0.0502358 0.996878 0.0609131 0.156506 -0.0680941 0.985327 0.0290003 0.0109757 0.0882392 0.0591399
0.986824 -0.0277704 -0.159395 0.0397168 0.996595 0.0722584 0.156846 -0.077637 0.984567 0.0188171 0.00786404 0.0967363 0.0591306
0.980996 -0.0237547 -0.192569 0.0420664 0.99491 0.0915682 0.189414 -0.0979287 0.977002 0.0186335 0.00678823 0.120292 0.0591108
0.975952 -0.0366914 -0.214873 0.0523434 0.996338 0.0676104 0.211606 -0.0772317 0.974299 0.0311482 0.0103624 0.107664 0.0591365
0.979269 -0.0286013 -0.200535 0.0427538 0.996863 0.0666016 0.198001 -0.0737945 0.97742 0.0227544 0.00842688 0.102579 0.0591432
0.978338 -0.0137274 -0.206559 0.0347587 0.994526 0.0985362 0.204076 -0.103581 0.97346 0.0106605 0.00470959 0.129163 0.0590979
0.972784 -0.0134425 -0.231322 0.0361774 0.994884 0.0943237 0.22887 -0.100125 0.968294 0.0123672 0.0052468 0.131545 0.0590987
0.972115 -0.0170559 -0.233884 0.0335967 0.997192 0.0669211 0.232086 -0.0729127 0.969959 0.015185 0.00684409 0.10984 0.0591357
0.970975 -0.00359571 -0.239155 0.0237412 0.996398 0.081409 0.238001 -0.0847239 0.967563 0.00415896 0.00412527 0.121361 0.0591238
0.968363 -0.0113776 -0.249285 0.0308699 0.996749 0.0744232 0.247628 -0.079764 0.965566 0.0109781 0.00602556 0.119356 0.0591317
0.967285 -0.00805714 -0.253563 0.0274415 0.996954 0.0730042 0.252203 -0.077574 0.96456 0.00815199 0.00558606 0.118885 0.0591314
0.965402 -0.00170268 -0.26076 0.026061 0.995602 0.0899837 0.25946 -0.0936661 0.961201 0.00304779 0.0042367 0.134181 0.0591144
0.964022 -0.00078987 -0.265821 0.0249368 0.995854 0.0874762 0.26465 -0.0909578 0.960045 0.0022717 0.0042367 0.133227 0.059106
0.963596 -0.0111362 -0.267129 0.0293375 0.997503 0.0642428 0.265747 -0.069741 0.961517 0.0105042 0.00681986 0.115903 0.0591342
0.962642 -0.000521085 -0.270776 0.02113 0.997093 0.0732009 0.26995 -0.0761878 0.959855 0.00169889 0.00472076 0.122603 0.0591237
0.960634 0.00259818 -0.277804 0.0220799 0.996079 0.0856673 0.276937 -0.0884289 0.95681 -0.000655372 0.00410051 0.134492 0.0591107
0.960327 -9.12142e-05 -0.278878 0.0235522 0.996454 0.0807771 0.277881 -0.0841406 0.956923 0.00132603 0.00476815 0.13123 0.0591119
0.960732 -0.00441125 -0.277443 0.0240287 0.99744 0.0673478 0.276436 -0.0713697 0.958379 0.00444114 0.00583593 0.120344 0.0591245
0.959131 0.00266716 -0.28295 0.021313 0.996434 0.0816386 0.282159 -0.0843326 0.955654 -0.00123359 0.00429168 0.132484 0.0591128
0.959301 0.00369784 -0.282363 0.0192975 0.996718 0.0786145 0.281727 -0.0808638 0.956081 -0.00234669 0.00424217 0.129604 0.0591123
0.959697 0.00235762 -0.281027 0.018534 0.997257 0.0716591 0.280425 -0.0739795 0.957021 -0.00155243 0.00461826 0.123639 0.0591166
0.958854 0.00470621 -0.283861 0.0180575 0.996827 0.077523 0.283325 -0.0794591 0.955727 -0.00343266 0.004092 0.128896 0.0591147
0.95905 0.00596257 -0.283173 0.0163731 0.996939 0.076444 0.282762 -0.0779501 0.956017 -0.00465019 0.00390956 0.127574 0.059116
0.958964 0.00580162 -0.283469 0.0160278 0.997083 0.0746282 0.283075 -0.0761091 0.956073 -0.00461 0.00396679 0.126142 0.0591152
0.959085 -0.00581751 -0.28306 0.025794 0.997426 0.0668977 0.281942 -0.0714618 0.956766 0.00480876 0.00615816 0.122004 0.0591244
0.959248 -0.00610346 -0.282498 0.0255586 0.997543 0.0652342 0.281406 -0.0697961 0.957047 0.00493086 0.00625549 0.120529 0.0591256
0.958426 -0.000102151 -0.285343 0.0246873 0.99628 0.0825645 0.284273 -0.0861763 0.954863 0.000153757 0.00481196 0.13489 0.0591064
0.958357 -0.000525406 -0.285572 0.0254904 0.996164 0.083711 0.284433 -0.0875044 0.954694 0.000480086 0.00486223 0.13607 0.059096
0.959333 -0.00585406 -0.282216 0.0256372 0.99746 0.0664577 0.28111 -0.0709903 0.957046 0.00456986 0.00609738 0.12156 0.0591247
0.958871 0.00257932 -0.283832 0.0194831 0.997002 0.0748802 0.283174 -0.0773303 0.955946 -0.0022808 0.00432525 0.127368 0.0591164
0.957979 -0.00138038 -0.286836 0.0239647 0.996877 0.0752402 0.285837 -0.0789525 0.95502 0.00116557 0.00497917 0.129266 0.0591182
0.959067 -0.00200426 -0.283172 0.0234005 0.997116 0.072197 0.28221 -0.0758681 0.956348 0.00136512 0.00500721 0.125962 0.0591183
0.960881 -0.000102272 -0.276961 0.0207577 0.997214 0.0716481 0.276182 -0.0745944 0.958206 -0.000722427 0.00450045 0.123675 0.0591114
0.960077 0.00061966 -0.279737 0.0207986 0.997072 0.0735909 0.278963 -0.076471 0.957252 -0.00104115 0.00432677 0.125836 0.0591102
0.958937 0.00114846 -0.283616 0.0204803 0.997101 0.0732839 0.282878 -0.0760832 0.956134 -0.00105794 0.00433703 0.126314 0.0591157
0.959187 0.00166402 -0.282768 0.0197131 0.997156 0.0727377 0.282085 -0.0753432 0.956427 -0.00148248 0.00420739 0.125562 0.059117
0.959297 0.0030481 -0.282383 0.0182928 0.997171 0.072907 0.281806 -0.075105 0.956527 -0.00257528 0.00393503 0.125311 0.0591168
0.960402 0.00235336 -0.278608 0.0185487 0.997206 0.0723633 0.278 -0.0746657 0.957675 -0.00226728 0.00391693 0.124189 0.0591155
0.959669 0.00342483 -0.281112 0.0187793 0.996912 0.0762547 0.280505 -0.0784584 0.95664 -0.00288328 0.00363951 0.127927 0.0591094
0.957884 -0.000377102 -0.287155 0.0236529 0.996705 0.0775919 0.286179 -0.0811161 0.954736 0.000837947 0.00434379 0.131295 0.0591156
0.95966 0.000145026 -0.281162 0.0202192 0.997375 0.0695266 0.280434 -0.0724068 0.957139 5.9766e-05 0.00429816 0.122805 0.0591151
