NO_OF_FRAMES	30744
FREQUENCY	100
DATA_INCLUDED	6DOF(row-major-order)
ORDER	R11 R12 R13 R21 R22 R23 R31 R32 R33 Tx Ty Tz RMS
SOURCE_FILE	/afs/inf.ed.ac.uk/group/cstr/projects/galatea/DB/MotionCapture/Recordings_October_2014/Markers/Esmo/CSTR/Esmo_03_i.tsv.gz
RIGID_BODY_MARKERS	 1 2 3 4
PROGRAM_NAME	EstimateRigidBodyWithSegment
REFERENCE_FRAME	3
SEGMENT_HALF_WIDTH	2
SEGMENT_WINDOW_TYPE	rectangle
REFERENCE_MARKER_1	-0.144709 0.830556 0.092382
REFERENCE_MARKER_2	-0.202588 0.812485 0.0218323
REFERENCE_MARKER_3	-0.198569 0.806971 0.236588
REFERENCE_MARKER_4	-0.166493 0.843891 0.168251
REFERENCE_CENTRE	-0.17809 0.823476 0.129763
END_OF_HEADER
1 0 0 0 1 0 0 0 1 0 0 0 0
1 0 0 0 1 0 0 0 1 0 0 0 0
1 -4.996e-16 -9.93129e-17 5.55112e-16 1 -9.28077e-17 6.07153e-18 2.51535e-17 1 4.16334e-16 3.33067e-16 -5.55112e-17 1.83859e-17
0.999999 0.000947425 0.000529855 -0.00094737 1 -0.000103113 -0.000529952 0.000102611 1 -0.000742116 -0.000201124 -0.000165522 9.38292e-05
1 0.000647086 0.000550354 -0.000646933 1 -0.000277932 -0.000550534 0.000277576 1 -0.000407057 -0.000188961 -0.000303783 0.000137121
0.999998 0.00164147 0.000965279 -0.00164084 0.999998 -0.000655008 -0.000966352 0.000653423 0.999999 -0.00118157 -0.000354634 -0.00067143 0.000134056
0.999998 0.00186364 0.00107372 -0.00186271 0.999998 -0.000860455 -0.00107532 0.000858453 0.999999 -0.00129711 -0.000396664 -0.000847491 0.00012166
0.999999 0.000914492 0.000543961 -0.000913763 0.999999 -0.001339 -0.000545184 0.00133851 0.999999 -0.000391109 -0.000210455 -0.00113263 0.000129093
1 0.000148779 -0.00017023 -0.000148926 1 -0.000865632 0.000170101 0.000865657 1 0.000370551 -0.000171325 -0.000599142 0.000182901
0.999999 0.00156159 0.000563029 -0.00156091 0.999998 -0.00121393 -0.000564923 0.00121305 0.999999 -0.000820188 -0.000378861 -0.00100962 0.000181913
1 0.000966116 0.000121098 -0.000965963 0.999999 -0.00125618 -0.000122311 0.00125606 0.999999 -0.000236975 -0.000289574 -0.000956162 0.000151922
0.999998 0.00198939 0.000235565 -0.00198912 0.999997 -0.00111806 -0.000237789 0.00111759 0.999999 -0.00106361 -0.000495598 -0.000837628 0.000125583
0.999995 0.00302018 0.000672954 -0.00301978 0.999995 -0.000606619 -0.000674782 0.000604583 1 -0.00194393 -0.000731555 -0.000477658 0.000151543
0.999995 0.00299866 0.00091058 -0.00299837 0.999995 -0.000325529 -0.000911552 0.000322798 1 -0.00195213 -0.000725257 -0.000249601 0.00018728
1 -0.000528406 0.000497693 0.000528403 1 7.02734e-06 -0.000497697 -6.76436e-06 1 0.000991816 -0.000176682 0.000114862 0.000208876
1 -0.000676761 0.000249906 0.000676685 1 0.000304219 -0.000250112 -0.00030405 1 0.00112252 -0.000161491 0.000427597 0.000204578
0.999999 -0.00169048 -0.000124749 0.00169051 0.999999 0.000210153 0.000124393 -0.000210363 1 0.00197625 5.31567e-05 0.000444935 0.000175326
0.999999 -0.000894463 -0.000493389 0.000894034 0.999999 -0.000868302 0.000494165 0.000867861 1 0.00134862 6.52593e-05 -0.000368482 0.000219882
0.999998 -0.00136135 -0.00118171 0.00135992 0.999998 -0.00121157 0.00118336 0.00120996 0.999999 0.00179331 0.00017891 -0.000519553 0.000239545
0.999998 0.0016252 -0.00115652 -0.00162709 0.999997 -0.00163863 0.00115386 0.00164051 0.999998 -0.00068418 -0.000239328 -0.000867054 0.000217646
0.999999 -0.000209532 -0.00144656 0.000206855 0.999998 -0.00185012 0.00144695 0.00184982 0.999997 0.000843549 0.000110553 -0.000964918 0.000225514
0.999996 -0.0013896 -0.00230651 0.00138445 0.999997 -0.00223439 0.0023096 0.00223119 0.999995 0.00190179 0.000371398 -0.00110795 0.000189638
0.999992 -0.00272702 -0.00279399 0.00272516 0.999996 -0.000669314 0.0027958 0.000661695 0.999996 0.0030529 0.000417093 0.000315431 0.000204036
0.999993 -0.00257617 -0.00281543 0.00257142 0.999995 -0.00169024 0.00281977 0.00168299 0.999995 0.00293357 0.000546072 -0.000509298 0.000194862
0.999991 -0.0027406 -0.00317904 0.00273171 0.999992 -0.00279727 0.00318668 0.00278857 0.999991 0.00312236 0.000712121 -0.00134668 0.000156808
0.99999 -0.00325732 -0.00312564 0.00324763 0.99999 -0.00310134 0.00313571 0.00309116 0.99999 0.00356228 0.000835943 -0.00159241 0.000146769
0.99999 -0.00323249 -0.00302271 0.0032227 0.99999 -0.0032376 0.00303314 0.00322783 0.99999 0.00356543 0.000830103 -0.00170557 0.000195524
0.999995 -0.00122725 -0.00300779 0.00121836 0.999995 -0.00295636 0.0030114 0.00295268 0.999991 0.0019614 0.000413792 -0.00146204 0.000239528
0.999996 -0.00110525 -0.00242956 0.00109893 0.999996 -0.00260157 0.00243243 0.00259889 0.999994 0.00185817 0.000309825 -0.00125982 0.000203468
0.999997 -0.000393607 -0.0024466 0.000390432 0.999999 -0.00129834 0.00244711 0.00129738 0.999996 0.00133824 -6.00197e-06 -0.00014286 0.000168004
0.999995 0.00218693 -0.00235953 -0.00218969 0.999997 -0.00116692 0.00235697 0.00117208 0.999997 -0.000717701 -0.00050542 -4.19329e-05 0.000125509
0.999996 0.00173126 -0.00207401 -0.00173312 0.999998 -0.000894976 0.00207245 0.000898568 0.999997 -0.000287217 -0.000491203 0.000143219 0.000171516
0.999998 0.00155062 -0.00134653 -0.00155304 0.999997 -0.00180117 0.00134374 0.00180326 0.999997 -0.000126749 -0.000388985 -0.000752146 0.000106559
0.999995 0.00267841 -0.0017462 -0.00268091 0.999995 -0.00143372 0.00174235 0.0014384 0.999997 -0.000914576 -0.000676533 -0.000379569 0.000141652
0.999995 0.00284707 -0.00136514 -0.00284975 0.999994 -0.00196761 0.00135953 0.00197149 0.999997 -0.000992716 -0.000682264 -0.0009122 0.000133288
0.999998 0.00133758 -0.00153443 -0.00134071 0.999997 -0.00203783 0.00153169 0.00203988 0.999997 0.000364311 -0.000448013 -0.000948292 0.000147075
0.99999 0.00434858 -0.00143016 -0.00435085 0.999989 -0.00158617 0.00142324 0.00159237 0.999998 -0.00204198 -0.00106355 -0.000628303 0.000142125
0.999992 0.00348324 -0.00192603 -0.00348581 0.999993 -0.00133402 0.00192137 0.00134073 0.999997 -0.00120962 -0.000916701 -0.00034926 0.000181956
0.999992 0.00370324 -0.00174606 -0.00370556 0.999992 -0.00132837 0.00174112 0.00133483 0.999998 -0.00134536 -0.000977104 -0.000420362 0.000156645
0.999993 0.00319204 -0.0019589 -0.00319467 0.999994 -0.00134198 0.00195461 0.00134823 0.999997 -0.000863102 -0.00089702 -0.000428707 0.000126375
0.999978 0.0062853 -0.00213552 -0.0062861 0.99998 -0.000369767 0.00213316 0.000383183 0.999998 -0.00336162 -0.0015687 0.000359763 0.000180178
0.999981 0.00579683 -0.00204837 -0.00579749 0.999983 -0.000316242 0.0020465 0.000328111 0.999998 -0.00296112 -0.00149781 0.000342668 0.000186882
0.999977 0.00650964 -0.00186949 -0.00651007 0.999979 -0.000223336 0.001868 0.000235502 0.999998 -0.00357343 -0.00168886 0.000334188 0.000182113
0.999989 0.00436602 -0.00181342 -0.00436678 0.99999 -0.00041683 0.00181158 0.000424744 0.999998 -0.00183957 -0.00130604 0.00012776 0.000161503
0.999989 0.00427812 -0.00165938 -0.00427998 0.99999 -0.00111617 0.00165459 0.00112326 0.999998 -0.00181389 -0.00120762 -0.000546074 0.000221167
0.999994 0.00340145 -0.0005332 -0.00340249 0.999992 -0.00196091 0.000526526 0.00196271 0.999998 -0.00125804 -0.000934447 -0.00150965 0.0001955
0.999997 0.00248715 -5.64878e-05 -0.00248727 0.999994 -0.00239058 5.05417e-05 0.00239071 0.999997 -0.000601321 -0.000702749 -0.00200787 0.000213016
0.999999 0.0013995 0.000456576 -0.00139831 0.999996 -0.00259418 -0.000460205 0.00259354 0.999997 0.000190979 -0.000463325 -0.00232101 0.000218402
0.999997 0.00224777 0.000486471 -0.00224675 0.999995 -0.00208474 -0.000491155 0.00208364 0.999998 -0.000559675 -0.000660926 -0.00195679 0.000216726
0.999998 0.00156024 0.000797463 -0.00155932 0.999998 -0.00115548 -0.000799264 0.00115423 0.999999 -7.82898e-05 -0.00062732 -0.00127426 0.000195853
0.999999 0.00119083 0.000446792 -0.00119061 0.999999 -0.000506637 -0.000447394 0.000506105 1 0.000212276 -0.000608317 -0.000721377 0.00019946
0.999999 0.00159942 -7.94766e-05 -0.00159937 0.999999 0.000596458 8.04305e-05 -0.00059633 1 -0.000103565 -0.000803896 0.00026057 0.000210526
0.999998 0.00186054 3.297e-05 -0.00186057 0.999998 0.000877635 -3.13371e-05 -0.000877695 1 -0.000373648 -0.000862014 0.000441757 0.000203144
0.999999 0.00102539 0.0002865 -0.00102562 0.999999 0.000807015 -0.000285672 -0.000807308 1 0.000249041 -0.00067544 0.000308716 0.000164271
1 -0.000222538 -1.77835e-05 0.000222559 0.999999 0.00121636 1.75128e-05 -0.00121637 0.999999 0.00127274 -0.000493948 0.00068404 0.000161377
1 -0.000531602 0.000600049 0.000531308 1 0.000488662 -0.000600309 -0.000488343 1 0.00142929 -0.000341215 -4.77952e-05 0.000191079
0.999999 -0.00147796 0.000734299 0.00147796 0.999999 9.11244e-06 -0.000734312 -8.02716e-06 1 0.00215165 -0.000110787 -0.000493451 0.000176459
0.999999 -0.00150728 0.000484658 0.00150744 0.999999 -0.000323921 -0.00048417 0.000324651 1 0.0021842 -6.20396e-05 -0.0007317 0.000169159
0.999998 -0.00187722 0.00049472 0.00187748 0.999998 -0.00053531 -0.000493714 0.000536237 1 0.00245984 3.87503e-05 -0.000916814 0.000186914
0.999999 -0.000478395 0.000917419 0.00047931 0.999999 -0.000996773 -0.000916942 0.000997212 0.999999 0.0012386 -0.000134851 -0.00139299 0.000156406
0.999999 -0.00120651 0.000200413 0.0012066 0.999999 -0.000449986 -0.00019987 0.000450227 1 0.00189678 -7.4567e-05 -0.000811478 0.000177389
1 -0.000334855 0.000440636 0.000335069 1 -0.000484704 -0.000440473 0.000484851 1 0.00113771 -0.00021233 -0.000899285 0.000177416
1 -0.00072086 0.000638509 0.000721012 1 -0.000239154 -0.000638337 0.000239614 1 0.00141423 -0.000166247 -0.000756182 0.000163729
0.999999 0.00119805 0.000699462 -0.00119809 0.999999 5.86042e-05 -0.000699391 -5.94421e-05 1 -0.000184272 -0.000543736 -0.000542241 0.000128902
0.999998 0.00183896 0.000409933 -0.00183918 0.999998 0.00052636 -0.000408964 -0.000527113 1 -0.000690485 -0.00073134 -0.000118036 0.000134512
0.999997 0.00227396 0.00060597 -0.00227418 0.999997 0.000374121 -0.000605117 -0.000375498 1 -0.00108375 -0.000800427 -0.000303514 0.000139377
0.999997 0.00231502 0.000677071 -0.00231523 0.999997 0.000299319 -0.000676376 -0.000300885 1 -0.00113052 -0.000798101 -0.000394887 0.000123327
1 0.000779074 0.00058136 -0.000779141 1 0.000114016 -0.000581271 -0.000114469 1 0.000131226 -0.000520685 -0.00054404 0.000140619
0.999998 0.00136176 0.00118377 -0.00136142 0.999999 -0.000285371 -0.00118416 0.000283759 0.999999 -0.000420738 -0.000581449 -0.00100555 0.000134331
0.999999 0.000301183 0.000973742 -0.00030095 1 -0.000239607 -0.000973814 0.000239314 0.999999 0.000462034 -0.000417038 -0.000944942 0.000165406
0.999998 0.00110683 0.00161556 -0.00110607 0.999999 -0.000468602 -0.00161608 0.000466814 0.999999 -0.000280051 -0.000545957 -0.00130176 0.000180696
0.999996 0.00169281 0.00213888 -0.00169098 0.999998 -0.000855549 -0.00214033 0.000851929 0.999997 -0.000835985 -0.00060107 -0.00173007 0.000172257
0.999987 0.00424777 0.00265125 -0.00424595 0.999991 -0.000692077 -0.00265417 0.000680812 0.999996 -0.00301545 -0.00107804 -0.0017315 0.000149832
0.999989 0.00391869 0.00265345 -0.00391644 0.999992 -0.000851751 -0.00265677 0.00084135 0.999996 -0.00276737 -0.0009845 -0.00187544 0.000172982
0.999993 0.00253133 0.00288993 -0.00252743 0.999996 -0.0013529 -0.00289334 0.00134559 0.999995 -0.00167068 -0.000665129 -0.00236894 0.000193211
0.999997 -0.000386057 0.00227391 0.000389512 0.999999 -0.0015193 -0.00227332 0.00152018 0.999996 0.000772848 -0.000113389 -0.00240152 0.000207567
0.999997 -0.000764128 0.0023385 0.000767162 0.999999 -0.00129666 -0.00233751 0.00129845 0.999996 0.00105089 -8.48528e-05 -0.00230119 0.000211098
0.999987 -0.00473101 0.00205924 0.00473307 0.999988 -0.000995247 -0.00205451 0.00100498 0.999997 0.00432622 0.000579412 -0.00203447 0.00021376
0.999985 -0.00518105 0.0017988 0.00518422 0.999985 -0.00176402 -0.00178963 0.00177332 0.999997 0.00470404 0.000756631 -0.00270181 0.00019839
0.999984 -0.00533038 0.00191813 0.00533324 0.999985 -0.00148869 -0.00191016 0.00149889 0.999997 0.00479097 0.000763708 -0.00254747 0.000222033
0.999991 -0.00347601 0.00253119 0.00347852 0.999993 -0.000988313 -0.00252774 0.000997109 0.999996 0.00317155 0.000400413 -0.00231083 0.000247798
0.999986 -0.00484852 0.00191059 0.00484982 0.999988 -0.00067589 -0.00190729 0.000685147 0.999998 0.00434492 0.000631046 -0.00197411 0.000263673
0.999996 -0.0013676 0.0024025 0.00137009 0.999999 -0.00103446 -0.00240109 0.00103775 0.999997 0.00140889 9.68092e-05 -0.00242687 0.000196115
0.999995 -0.00189079 0.00267437 0.00189104 0.999998 -9.29063e-05 -0.00267419 9.79632e-05 0.999996 0.00178963 0.000100786 -0.00174359 0.00016209
0.999996 -0.000722078 0.00259239 0.000721227 1 0.000329064 -0.00259263 -0.000327193 0.999997 0.000820171 -0.000151233 -0.00143745 0.00017085
0.999996 -0.000115058 0.00277047 0.000113672 1 0.000500428 -0.00277053 -0.000500111 0.999996 0.000292163 -0.000298933 -0.00140681 0.000203775
0.999993 0.00119886 0.00366521 -0.00120016 0.999999 0.00035215 -0.00366479 -0.000356547 0.999993 -0.000890531 -0.000492167 -0.00174472 0.000168497
0.999994 0.000549382 0.00333983 -0.000550745 1 0.000407231 -0.0033396 -0.000409068 0.999994 -0.000319789 -0.000379654 -0.00167878 0.000128554
0.999995 7.68819e-05 0.00305166 -7.72728e-05 1 0.000127983 -0.00305165 -0.000128218 0.999995 9.7164e-05 -0.000261046 -0.00191368 0.000172375
0.999992 -0.00176678 0.00359767 0.00176822 0.999998 -0.000399017 -0.00359696 0.000405376 0.999993 0.00155687 0.000138971 -0.0025204 0.000195124
0.99999 -0.00215197 0.00394121 0.00215513 0.999997 -0.000796533 -0.00393948 0.000805019 0.999992 0.00184549 0.000284157 -0.00293617 0.000183816
0.999987 -0.0037939 0.00350272 0.00379827 0.999992 -0.00124179 -0.00349798 0.00125508 0.999993 0.00325267 0.000625159 -0.00329029 0.000172269
0.999987 -0.00303842 0.00404335 0.00304722 0.999993 -0.00217059 -0.00403672 0.00218288 0.999989 0.0025826 0.000607564 -0.00424011 0.000164332
0.999986 -0.00145947 0.00515634 0.00146664 0.999998 -0.0013855 -0.00515431 0.00139304 0.999986 0.00118559 0.000199028 -0.00386474 0.000201739
0.999986 0.00063358 0.00527953 -0.000629996 1 -0.000680537 -0.00527996 0.000677202 0.999986 -0.000528041 -0.000279678 -0.00334824 0.000217902
0.999986 0.00095076 0.0052524 -0.000949813 1 -0.000182788 -0.00525257 0.000177797 0.999986 -0.000758135 -0.00042029 -0.00299983 0.000222396
0.999977 0.00306094 0.00600505 -0.0030663 0.999995 0.000883947 -0.00600231 -0.00090234 0.999982 -0.00255143 -0.00102399 -0.00230637 0.000203587
0.999972 0.00333132 0.00663798 -0.0033458 0.999992 0.0021712 -0.0066307 -0.00219335 0.999976 -0.00282965 -0.00126167 -0.00139634 0.000141037
0.999974 0.00311359 0.00657845 -0.00312933 0.999992 0.00238467 -0.00657098 -0.00240519 0.999976 -0.00263628 -0.00125579 -0.00123334 0.000157579
0.999962 0.00454165 0.00749276 -0.00455866 0.999987 0.00225503 -0.00748242 -0.0022891 0.999969 -0.00390286 -0.00150224 -0.00153764 0.000157076
0.999969 0.00219923 0.00749906 -0.0022137 0.999996 0.00192286 -0.0074948 -0.0019394 0.99997 -0.00198485 -0.00107172 -0.00184315 0.00020607
0.999969 0.00102618 0.00783527 -0.00103601 0.999999 0.00124995 -0.00783398 -0.00125803 0.999969 -0.00107944 -0.000691686 -0.00247502 0.00016298
0.999974 0.00137437 0.00712336 -0.00138925 0.999997 0.00208369 -0.00712047 -0.00209353 0.999972 -0.0013134 -0.000838013 -0.00163158 0.00023518
0.999974 0.000722083 0.00721176 -0.000727724 0.999999 0.000779598 -0.00721119 -0.000784826 0.999974 -0.000830332 -0.000551293 -0.00275139 0.000245106
0.999978 0.00159165 0.00641468 -0.00160244 0.999997 0.00167786 -0.00641199 -0.0016881 0.999978 -0.00152269 -0.000794821 -0.00183673 0.000285288
0.999974 0.00259522 0.00676292 -0.00261176 0.999994 0.00243915 -0.00675655 -0.00245675 0.999974 -0.00247419 -0.00101139 -0.00122654 0.000295297
0.999975 0.00218021 0.00679218 -0.00219946 0.999994 0.00282878 -0.00678597 -0.00284364 0.999973 -0.00223186 -0.000961067 -0.00086845 0.000310846
0.999971 0.000664013 0.00763208 -0.000682422 0.999997 0.0024097 -0.00763045 -0.00241484 0.999968 -0.00119342 -0.00059844 -0.00134423 0.000259056
0.999971 -0.00140885 0.00750336 0.00138139 0.999992 0.00366303 -0.00750846 -0.00365256 0.999965 0.000408944 -0.000346653 -0.000201037 0.000260444
0.999961 -0.00370563 0.00804933 0.00368222 0.999989 0.00292228 -0.00806007 -0.00289252 0.999963 0.00210927 0.00020608 -0.000843639 0.00024145
0.999954 -0.00567858 0.00773214 0.00566641 0.999983 0.00159502 -0.00774106 -0.00155114 0.999969 0.00363978 0.000736819 -0.00180849 0.000273218
0.999955 -0.00563014 0.00768354 0.00561799 0.999983 0.00160145 -0.00769242 -0.00155821 0.999969 0.00347755 0.000771195 -0.00167544 0.000279698
0.999951 -0.00581891 0.0079879 0.00581261 0.999983 0.000810877 -0.00799248 -0.000764406 0.999968 0.00348352 0.000935958 -0.00223782 0.000262701
0.999943 -0.00687962 0.00812443 0.0068779 0.999976 0.000239013 -0.00812589 -0.000183121 0.999967 0.00422656 0.00123883 -0.00257272 0.00028549
0.99992 -0.00957465 0.00820754 0.00958027 0.999954 -0.00064571 -0.00820098 0.000724289 0.999966 0.00633171 0.00187057 -0.00313666 0.000276327
0.999934 -0.00705518 0.0090322 0.00706067 0.999975 -0.000576734 -0.00902791 0.00064047 0.999959 0.00409748 0.00144496 -0.002987 0.000307031
0.999913 -0.00969028 0.0089334 0.00970452 0.999952 -0.00155196 -0.00891793 0.00163852 0.999959 0.00621311 0.00206236 -0.0035373 0.000306064
0.99991 -0.0103436 0.00850487 0.0103604 0.999944 -0.00192863 -0.00848445 0.00201657 0.999962 0.00675509 0.0022397 -0.00349524 0.000282344
0.999936 -0.00697025 0.00890092 0.00699015 0.999973 -0.00220717 -0.00888529 0.00226925 0.999958 0.00392897 0.00163598 -0.00351396 0.000280547
0.999953 -0.00492451 0.00837588 0.0049424 0.999986 -0.00211686 -0.00836533 0.00215816 0.999963 0.00232474 0.00123257 -0.00301292 0.000310475
0.999953 -0.00569817 0.0078266 0.00571802 0.99998 -0.00251656 -0.00781211 0.0025612 0.999966 0.00305991 0.00140812 -0.00288249 0.000345879
0.999971 -0.00261315 0.00720436 0.00263124 0.999993 -0.00250329 -0.00719778 0.00252218 0.999971 0.00067394 0.00080703 -0.00237737 0.000373898
0.999978 -0.000213932 0.00660164 0.000234754 0.999995 -0.00315346 -0.00660094 0.00315494 0.999973 -0.00111515 0.000415071 -0.00237466 0.000397667
0.999989 -0.000431874 0.00473239 0.000448677 0.999994 -0.00355015 -0.00473083 0.00355224 0.999983 -0.000582575 0.000437505 -0.00190027 0.000417315
0.999994 -0.000409395 0.00348687 0.000425122 0.99999 -0.0045108 -0.00348499 0.00451225 0.999984 -0.00028144 0.000471869 -0.0019933 0.000448084
0.999999 0.000840674 0.00109711 -0.000835456 0.999988 -0.00474796 -0.00110109 0.00474704 0.999988 -0.000825198 0.000133937 -0.00127149 0.000509194
0.999998 0.00196406 -0.000771176 -0.00196843 0.999982 -0.00570345 0.00075996 0.00570495 0.999983 -0.00129121 -6.9175e-05 -0.0011861 0.000519642
0.999993 0.00139924 -0.0035089 -0.0014217 0.999978 -0.00640591 0.00349987 0.00641086 0.999973 -0.000250511 -4.32076e-05 -0.00070576 0.000544942
0.999974 0.00429429 -0.0058098 -0.00433476 0.999966 -0.00697163 0.00577967 0.00699663 0.999959 -0.00207669 -0.00063039 -0.000174425 0.000581534
0.999932 0.0074387 -0.00897264 -0.00750307 0.999946 -0.00716245 0.00891888 0.00722928 0.999934 -0.00400179 -0.00133096 0.000848383 0.000639205
0.999881 0.00972575 -0.0119935 -0.00982127 0.99992 -0.00793117 0.0119154 0.00804802 0.999897 -0.00522029 -0.00180992 0.00141207 0.000698059
0.999818 0.0109776 -0.0155914 -0.0111103 0.999903 -0.00844524 0.0154971 0.00861693 0.999843 -0.00551253 -0.00217444 0.0023427 0.00073164
0.999723 0.0128935 -0.0196784 -0.0130669 0.999877 -0.00871105 0.0195636 0.00896578 0.999768 -0.00629017 -0.00269358 0.00360247 0.000792752
0.999647 0.0125528 -0.0234086 -0.012794 0.999866 -0.010185 0.0232776 0.0104809 0.999674 -0.00525306 -0.00266566 0.00388749 0.000809418
0.999551 0.0133273 -0.0268245 -0.0136521 0.999835 -0.0119608 0.0266607 0.0123216 0.999569 -0.00516951 -0.00277196 0.00387944 0.00082495
0.999421 0.0142933 -0.0308689 -0.0146954 0.99981 -0.0128381 0.0306795 0.0132843 0.999441 -0.00519237 -0.00302689 0.00474434 0.000849239
0.999253 0.0168211 -0.0347831 -0.0173156 0.999753 -0.0139638 0.0345396 0.0145557 0.999297 -0.00654603 -0.00349822 0.00534953 0.000851678
0.999095 0.018707 -0.0382128 -0.0193146 0.999692 -0.015594 0.0379093 0.0163179 0.999148 -0.00742662 -0.00375856 0.00549322 0.000884475
0.998891 0.0203395 -0.0424738 -0.021062 0.99964 -0.0166322 0.0421202 0.0175083 0.998959 -0.0080188 -0.00405737 0.00631942 0.000924118
0.998673 0.0216292 -0.0467466 -0.0224761 0.999591 -0.0176684 0.0463453 0.0186957 0.998751 -0.00833526 -0.00428701 0.00718871 0.000963023
0.998468 0.0232634 -0.0502044 -0.0242671 0.999516 -0.0194774 0.049727 0.0206659 0.998549 -0.0090342 -0.00445261 0.00726636 0.000970461
0.998282 0.0225047 -0.0540997 -0.0236953 0.999489 -0.0214677 0.0535889 0.0227127 0.998305 -0.00770692 -0.00418994 0.00743281 0.000969926
0.998069 0.0222503 -0.0579963 -0.023636 0.999449 -0.0233188 0.0574455 0.0246445 0.998044 -0.006816 -0.00403232 0.00769854 0.000970903
0.997829 0.0231953 -0.0616332 -0.0247778 0.999379 -0.025037 0.0610142 0.0265098 0.997785 -0.00694278 -0.00408962 0.00797915 0.0010021
0.997645 0.0231231 -0.0645779 -0.024951 0.999306 -0.0276426 0.0638939 0.0291888 0.99753 -0.00631176 -0.00386361 0.00745164 0.0010065
0.997464 0.0213834 -0.0678859 -0.02346 0.999276 -0.0299409 0.0671966 0.0314576 0.997244 -0.00425877 -0.0034036 0.00738674 0.000987876
0.997273 0.0218502 -0.070494 -0.024162 0.999192 -0.0321108 0.0697354 0.0337265 0.996995 -0.00410405 -0.00329092 0.00716397 0.00098313
0.997104 0.0219524 -0.0728102 -0.0244866 0.999118 -0.0340984 0.0719974 0.0357825 0.996763 -0.00366957 -0.00312165 0.00706575 0.000977718
0.996992 0.0219531 -0.0743268 -0.0247133 0.999031 -0.0364213 0.0734552 0.0381486 0.996569 -0.00324236 -0.00287056 0.00653654 0.000961725
0.996852 0.022725 -0.075964 -0.0256699 0.998947 -0.0380186 0.0750201 0.0398489 0.996385 -0.00343998 -0.00284481 0.00660008 0.000944202
0.996714 0.0228837 -0.0776976 -0.0261114 0.998827 -0.0407831 0.0766731 0.0426779 0.996142 -0.00311 -0.00251746 0.00574764 0.00096653
0.996633 0.0212673 -0.0791831 -0.0247334 0.998767 -0.0430532 0.0781698 0.0448667 0.99593 -0.00132136 -0.00201362 0.00538906 0.000980882
0.996586 0.0183065 -0.0805093 -0.0220554 0.998701 -0.045924 0.0795641 0.0475429 0.995695 0.00156807 -0.00128364 0.00462075 0.00101075
0.996506 0.0174979 -0.0816642 -0.0215237 0.998582 -0.0486808 0.0806966 0.0502684 0.99547 0.00268691 -0.000828683 0.00378002 0.00100091
0.996386 0.0180096 -0.083008 -0.0222518 0.998478 -0.050468 0.0819727 0.0521327 0.99527 0.00277338 -0.000740364 0.00366119 0.000985876
0.996308 0.0192284 -0.0836721 -0.0236519 0.998356 -0.0522011 0.0825308 0.0539874 0.995125 0.00221889 -0.000777319 0.003411 0.000994198
0.996201 0.0209884 -0.0845194 -0.0256334 0.998198 -0.0542532 0.0832285 0.0562136 0.994944 0.00125969 -0.000893211 0.00288977 0.000994734
0.996065 0.0234421 -0.0854708 -0.0283012 0.998025 -0.0560899 0.083987 0.0582881 0.994761 -0.000229976 -0.00108202 0.00250754 0.00100999
0.995902 0.0251432 -0.0868724 -0.0302217 0.997879 -0.0576478 0.0852387 0.060037 0.99455 -0.00103582 -0.00135677 0.00246862 0.00102802
0.995843 0.0243793 -0.0877634 -0.0297116 0.997758 -0.059973 0.0861045 0.0623313 0.994334 0.000177363 -0.00106612 0.00192227 0.00101981
0.995744 0.0257647 -0.0884933 -0.0313126 0.997592 -0.061888 0.0866857 0.0643955 0.994152 -0.000372473 -0.00125139 0.00149665 0.00101498
0.995661 0.0271772 -0.0889997 -0.0329655 0.997391 -0.0642264 0.087022 0.0668816 0.993959 -0.000941914 -0.00133727 0.00068807 0.00102889
0.995551 0.0289367 -0.0896737 -0.0349385 0.997201 -0.0660982 0.0875101 0.0689372 0.993775 -0.00175062 -0.00160735 0.000253232 0.00106053
0.995539 0.0290734 -0.0897561 -0.035318 0.997006 -0.0687872 0.0874875 0.0716504 0.993586 -0.00123308 -0.00145239 -0.000812796 0.00107637
0.995431 0.0321868 -0.0898972 -0.0386843 0.99669 -0.0714956 0.0872985 0.0746465 0.993382 -0.00315906 -0.00183347 -0.00215928 0.0010752
0.995365 0.0320577 -0.0906692 -0.0387812 0.996549 -0.0733918 0.0880036 0.0765679 0.993173 -0.00231465 -0.00186447 -0.00245661 0.00106054
0.995293 0.0329757 -0.091125 -0.0399527 0.99632 -0.0758326 0.088289 0.0791164 0.992948 -0.00236762 -0.00195177 -0.00336152 0.00105633
0.995175 0.0352316 -0.0915765 -0.0424096 0.996078 -0.0776562 0.0884814 0.0811652 0.992765 -0.00353936 -0.00232072 -0.00389439 0.00104025
0.995046 0.0372718 -0.0921663 -0.0446978 0.995803 -0.0798664 0.0888027 0.0835903 0.992536 -0.0045293 -0.00260913 -0.00471089 0.00103577
0.994839 0.0396806 -0.0933887 -0.0473164 0.995589 -0.0810226 0.0897617 0.0850233 0.992328 -0.00579329 -0.00310934 -0.00460858 0.0010203
0.994686 0.0418676 -0.0940525 -0.0497122 0.995336 -0.0826744 0.0901525 0.0869107 0.992129 -0.00695076 -0.00342105 -0.00499461 0.000982936
0.99449 0.043734 -0.095272 -0.0518481 0.99508 -0.0844275 0.0911109 0.088902 0.991865 -0.00778829 -0.00368974 -0.00535969 0.000989007
0.994332 0.0447283 -0.0964539 -0.0531183 0.994857 -0.0862489 0.0921001 0.0908835 0.991594 -0.00792679 -0.00377808 -0.00571453 0.000965829
0.994045 0.0470533 -0.0982829 -0.0556394 0.994694 -0.0865306 0.0936899 0.0914838 0.991389 -0.00912239 -0.00430138 -0.00485207 0.000969895
0.993861 0.0467667 -0.100264 -0.0556568 0.994583 -0.087786 0.0956155 0.0928275 0.991081 -0.00813824 -0.00424919 -0.0045206 0.000960128
0.993598 0.0473535 -0.102569 -0.0566445 0.994361 -0.0896497 0.0977458 0.0948857 0.990678 -0.00786063 -0.00423745 -0.00476327 0.000913509
0.993256 0.0486375 -0.105243 -0.0581821 0.994276 -0.0896081 0.100282 0.0951271 0.990401 -0.0081449 -0.00461186 -0.0034787 0.000894694
0.992923 0.0500188 -0.107712 -0.0599551 0.994037 -0.0910791 0.102514 0.0968925 0.990001 -0.00853093 -0.00474287 -0.00352563 0.000872873
0.992648 0.0498551 -0.110292 -0.0602204 0.993868 -0.0927373 0.104993 0.0986973 0.989563 -0.00763773 -0.00459709 -0.00358556 0.000833129
0.992354 0.0500351 -0.112824 -0.0608288 0.993679 -0.0943495 0.10739 0.100491 0.989125 -0.00704424 -0.0045408 -0.00371144 0.00079754
0.99192 0.049552 -0.116784 -0.0608226 0.993617 -0.0950083 0.111331 0.101344 0.988603 -0.00572456 -0.0045021 -0.00281247 0.000803771
0.991531 0.0476013 -0.120833 -0.0594194 0.99359 -0.0961652 0.115481 0.102531 0.988004 -0.00318028 -0.00418679 -0.00217617 0.000805557
0.991071 0.0457665 -0.125231 -0.0580426 0.993668 -0.0962032 0.120035 0.102613 0.987452 -0.000692488 -0.00408983 -0.000608151 0.000791922
0.990568 0.0448804 -0.129462 -0.0575631 0.993721 -0.0959469 0.124343 0.102494 0.986931 0.000971873 -0.00417844 0.00106308 0.000756014
0.989967 0.0442431 -0.134196 -0.0573662 0.99377 -0.0955556 0.129132 0.102295 0.986337 0.00247646 -0.00427444 0.00283533 0.00068377
0.989436 0.0460944 -0.137444 -0.059518 0.993676 -0.0952123 0.132186 0.102387 0.985923 0.00178031 -0.00475136 0.00402763 0.000669498
0.988882 0.048094 -0.140709 -0.0617936 0.993589 -0.0946706 0.135253 0.102313 0.985514 0.000966278 -0.00528065 0.00532653 0.000673293
0.988149 0.0522544 -0.144328 -0.066142 0.993452 -0.0931627 0.138514 0.101605 0.985135 -0.00161369 -0.00626988 0.00715405 0.000694097
0.987632 0.0517051 -0.148018 -0.0658716 0.993535 -0.0924617 0.142281 0.101068 0.984653 -0.000230482 -0.00649117 0.00889818 0.000692267
0.987117 0.0523568 -0.151189 -0.0667355 0.993553 -0.0916504 0.145415 0.100559 0.984247 0.000118701 -0.00692686 0.0105204 0.000658028
0.986723 0.0505433 -0.154345 -0.0651774 0.993691 -0.0912739 0.148758 0.100122 0.983792 0.00247896 -0.00696835 0.0120907 0.000627314
0.986255 0.0499279 -0.157505 -0.0647348 0.993806 -0.0903225 0.15202 0.0992771 0.983379 0.00385049 -0.00729147 0.0139649 0.000634798
0.985828 0.0482477 -0.160674 -0.0632358 0.993976 -0.0895134 0.155388 0.0984052 0.98294 0.00610647 -0.00742041 0.0158846 0.000648757
0.985205 0.0501635 -0.163876 -0.0652943 0.993953 -0.0882866 0.158456 0.0976805 0.982522 0.00535708 -0.00812232 0.0176169 0.00065341
0.984699 0.0526134 -0.166132 -0.0678211 0.993877 -0.0872326 0.160525 0.0971651 0.982238 0.00407107 -0.00882203 0.0189429 0.000614356
0.984006 0.0576967 -0.168533 -0.0729048 0.993668 -0.0854873 0.162533 0.0964068 0.981982 0.000589506 -0.00994683 0.0204293 0.000537767
0.983498 0.059168 -0.170972 -0.0745209 0.993606 -0.0848177 0.16486 0.096159 0.981618 8.09175e-05 -0.0104697 0.0215659 0.000517413
0.9832 0.0585219 -0.172898 -0.0741491 0.993588 -0.0853488 0.166795 0.0967352 0.981235 0.00126047 -0.0105687 0.021939 0.000530276
0.982824 0.0601054 -0.174482 -0.0760044 0.993399 -0.0859126 0.168167 0.0976984 0.980905 0.000525049 -0.0108998 0.0218519 0.000523507
0.982506 0.0582035 -0.176905 -0.0745175 0.993416 -0.0870161 0.170675 0.0986763 0.980374 0.00273424 -0.0108239 0.0219639 0.000520387
0.982233 0.0547794 -0.179495 -0.0715489 0.993519 -0.0883218 0.173493 0.0995952 0.979786 0.00620674 -0.0105228 0.0221802 0.000457871
0.981816 0.0555379 -0.181528 -0.0726807 0.99336 -0.0891868 0.17537 0.100759 0.979333 0.00614094 -0.0107282 0.0219271 0.000417398
0.981452 0.0552451 -0.183578 -0.0727986 0.993251 -0.090294 0.177351 0.101983 0.978849 0.0069293 -0.0107751 0.0215861 0.000400677
0.98117 0.0543706 -0.185337 -0.0722574 0.993211 -0.0911597 0.179123 0.102835 0.978438 0.00815636 -0.010799 0.021441 0.000308642
0.980715 0.0558325 -0.187298 -0.0739014 0.993113 -0.0909153 0.180932 0.103004 0.978087 0.00746464 -0.0112628 0.0217932 0.00032123
0.980462 0.0556732 -0.188667 -0.0739975 0.993051 -0.0915127 0.182261 0.103686 0.977768 0.00805204 -0.0113383 0.0215417 0.000305128
0.980309 0.0551456 -0.189615 -0.0736369 0.993042 -0.0918967 0.183228 0.10405 0.977549 0.00889854 -0.0114513 0.0213816 0.000288731
0.980097 0.0563453 -0.190354 -0.0747876 0.993027 -0.0911292 0.183891 0.103552 0.977477 0.00829621 -0.0118373 0.0217831 0.00030532
0.980045 0.0558501 -0.190767 -0.0743332 0.993059 -0.0911451 0.184352 0.103507 0.977395 0.00908639 -0.0118486 0.0217147 0.000334158
0.980063 0.0560154 -0.19063 -0.074372 0.993112 -0.0905401 0.184245 0.102912 0.977478 0.00925796 -0.0120224 0.0218937 0.000379244
0.980027 0.0585682 -0.190046 -0.0766139 0.993078 -0.0890357 0.183515 0.101818 0.97773 0.00740629 -0.0125852 0.0222876 0.000411894
0.980167 0.0576943 -0.189587 -0.0754958 0.993251 -0.0880527 0.183227 0.100619 0.977908 0.00841337 -0.0126067 0.0228242 0.000438216
0.980483 0.0573553 -0.18805 -0.0749947 0.993288 -0.0880659 0.181736 0.10045 0.978203 0.00882229 -0.0125489 0.0222465 0.000430576
0.98064 0.0572854 -0.187253 -0.0745883 0.993438 -0.0866992 0.181058 0.0989876 0.978478 0.00910397 -0.0127752 0.0228234 0.000466751
0.980887 0.0573401 -0.185938 -0.0742798 0.99357 -0.0854518 0.179843 0.09763 0.978839 0.00922982 -0.0129145 0.0231698 0.000524384
0.981144 0.0570031 -0.184681 -0.0735383 0.993752 -0.083954 0.178741 0.0959521 0.979206 0.00967054 -0.0131069 0.0237789 0.000573498
0.981302 0.0593498 -0.183097 -0.0753465 0.993806 -0.0816802 0.177115 0.0939487 0.979696 0.00782883 -0.0137264 0.0245153 0.000600188
0.981405 0.0610086 -0.181993 -0.0764949 0.99391 -0.079319 0.176046 0.0917657 0.980095 0.00662923 -0.0142913 0.0254828 0.000550211
0.981566 0.0627202 -0.180538 -0.0776393 0.99402 -0.0767869 0.174642 0.0893882 0.980566 0.00528588 -0.0148831 0.0265637 0.000518444
0.981828 0.0625235 -0.179177 -0.0769483 0.994232 -0.0747148 0.173472 0.0871445 0.980976 0.00550962 -0.0152008 0.0275976 0.000513567
0.982176 0.0613689 -0.17766 -0.0753824 0.994462 -0.0732281 0.172183 0.0853154 0.981364 0.00648892 -0.015322 0.0282628 0.000502039
0.982589 0.0589884 -0.176177 -0.0726735 0.994735 -0.0722588 0.170987 0.0838041 0.981703 0.00846168 -0.0152166 0.0286945 0.000499437
0.982821 0.0567689 -0.175612 -0.0700085 0.995078 -0.0701343 0.170766 0.0812238 0.981958 0.0103434 -0.0153244 0.030201 0.000504661
0.983143 0.0569698 -0.173736 -0.0698187 0.995187 -0.0687605 0.168983 0.0797314 0.982389 0.0100664 -0.015497 0.0304692 0.000556436
0.983517 0.056109 -0.171889 -0.0686885 0.995309 -0.0681285 0.16726 0.0788123 0.982758 0.0106425 -0.0155128 0.0302985 0.000545922
0.98381 0.0565306 -0.170067 -0.0687552 0.99539 -0.0668679 0.165503 0.0774783 0.983161 0.0101491 -0.0157501 0.0304404 0.00054658
0.984178 0.0543865 -0.168631 -0.0662845 0.995632 -0.0657456 0.164318 0.0758829 0.983484 0.0117998 -0.0156435 0.0309284 0.000552753
0.984742 0.0512779 -0.166293 -0.0629019 0.995874 -0.0654019 0.162253 0.0748642 0.983905 0.0141682 -0.0152705 0.0307304 0.000554854
0.985365 0.0450597 -0.164392 -0.0564537 0.996267 -0.065308 0.160835 0.0736327 0.984231 0.0191622 -0.0145123 0.0308235 0.000599544
0.986199 0.0408889 -0.160435 -0.0520275 0.996472 -0.0658508 0.157176 0.073289 0.984847 0.0222621 -0.0137701 0.029653 0.000708634
0.987035 0.0374896 -0.156062 -0.0482534 0.996668 -0.0657633 0.153077 0.0724413 0.985556 0.024678 -0.0132356 0.0287813 0.000801046
0.98801 0.0364304 -0.150031 -0.0467204 0.996749 -0.0656412 0.147152 0.0718637 0.9865 0.0250053 -0.0129429 0.0272427 0.00088496
0.989135 0.0361627 -0.142491 -0.0458882 0.996792 -0.0655682 0.139663 0.0713944 0.987622 0.0245469 -0.0127403 0.0252337 0.000965762
0.990253 0.0371324 -0.134242 -0.0462624 0.996777 -0.0655437 0.131375 0.0711152 0.988779 0.0230005 -0.0127128 0.0228715 0.000974414
0.991201 0.0385476 -0.126627 -0.04693 0.996853 -0.0638946 0.123765 0.069275 0.98989 0.0211666 -0.0129756 0.0219158 0.00103062
0.992217 0.0395387 -0.118077 -0.047317 0.996839 -0.0638138 0.115181 0.0689042 0.990952 0.0195698 -0.0129129 0.0195333 0.00103737
0.993188 0.0393496 -0.109674 -0.0464943 0.996907 -0.0633674 0.106841 0.0680349 0.991946 0.018944 -0.0127752 0.0176097 0.0010106
0.993966 0.0420969 -0.10129 -0.0485207 0.996908 -0.0618148 0.0983742 0.0663565 0.992935 0.0158461 -0.0131994 0.016334 0.00104245
0.994804 0.0425341 -0.0924956 -0.0483142 0.996957 -0.0611753 0.0896121 0.0653263 0.993832 0.0145608 -0.0131061 0.0145031 0.00104681
0.995566 0.0433102 -0.0835065 -0.0484633 0.996979 -0.0607029 0.0806251 0.0644808 0.994657 0.0129063 -0.0130509 0.0124859 0.00104685
0.996316 0.0408995 -0.0753807 -0.0454348 0.997196 -0.059467 0.0727372 0.0626728 0.99538 0.0139316 -0.0126766 0.011519 0.00100289
0.99686 0.0425063 -0.066804 -0.0464552 0.997193 -0.0587141 0.0641207 0.0616331 0.996037 0.0115269 -0.0127621 0.00981634 0.000959598
0.997459 0.0400058 -0.0589486 -0.0435125 0.997282 -0.0594579 0.0564098 0.0618719 0.996489 0.0125377 -0.0119912 0.00732857 0.000907233
0.997845 0.0400311 -0.0519959 -0.0430716 0.997344 -0.0587365 0.0495065 0.0608495 0.996918 0.0114931 -0.0118001 0.00607464 0.000860025
0.998307 0.0355216 -0.0460483 -0.0382286 0.997508 -0.0593026 0.043827 0.0609626 0.997177 0.0142621 -0.0107689 0.00418806 0.000839132
0.998614 0.0331411 -0.0408889 -0.0355488 0.997587 -0.0596361 0.0388139 0.061007 0.997382 0.0153078 -0.0100236 0.00258546 0.000747783
0.998846 0.0308132 -0.0368336 -0.0329847 0.99766 -0.0598802 0.0349024 0.061026 0.997526 0.0164008 -0.00935275 0.00127472 0.000679013
0.998955 0.031066 -0.0335095 -0.0330241 0.997678 -0.059557 0.0315816 0.0606014 0.997662 0.0154209 -0.00914123 0.0005053 0.000644814
0.999159 0.0261465 -0.0315806 -0.0280121 0.997796 -0.0601532 0.0299382 0.0609872 0.997689 0.0188502 -0.00802412 -0.000537121 0.000611371
0.99915 0.0278873 -0.0303682 -0.0296528 0.997798 -0.059328 0.0286469 0.060178 0.997777 0.0168623 -0.00813919 -0.000460615 0.000606285
0.999154 0.0284496 -0.0296967 -0.0301772 0.997775 -0.0594488 0.0279393 0.0602947 0.99779 0.0159081 -0.00798995 -0.00101682 0.000577833
0.999155 0.0282627 -0.0298351 -0.0299998 0.997779 -0.0594785 0.0280879 0.0603233 0.997784 0.0156796 -0.00772062 -0.00127263 0.000519046
0.999197 0.025913 -0.0305581 -0.0277086 0.997821 -0.0598812 0.0289398 0.0606798 0.997738 0.0173177 -0.00714721 -0.00164619 0.000468223
0.999124 0.0271572 -0.0318347 -0.0290247 0.997791 -0.0597479 0.0301418 0.0606196 0.997706 0.0160941 -0.00723636 -0.00157879 0.000461325
0.999117 0.025287 -0.0335634 -0.0272929 0.997782 -0.0607156 0.0319536 0.061578 0.997591 0.01752 -0.00671908 -0.00218899 0.000433488
0.999064 0.0248146 -0.0354196 -0.0269468 0.997771 -0.0610462 0.0338258 0.0619436 0.997506 0.0178459 -0.0065299 -0.00227772 0.000418958
0.999026 0.0228238 -0.0377581 -0.0251257 0.997781 -0.0616564 0.0362671 0.062545 0.997383 0.0195132 -0.00609702 -0.00244051 0.000371372
0.998954 0.0203052 -0.0409705 -0.0228137 0.997833 -0.0617203 0.0396285 0.0625904 0.997252 0.0217526 -0.00567006 -0.00193247 0.00037677
0.998868 0.0201272 -0.0430939 -0.0227939 0.997796 -0.0623126 0.0417448 0.0632243 0.997126 0.0219738 -0.00551282 -0.00214457 0.000348124
0.998787 0.0196253 -0.0451648 -0.0224322 0.997793 -0.0625032 0.0438384 0.0634405 0.997022 0.0224891 -0.00536455 -0.00203041 0.000316934
0.998707 0.019173 -0.0470903 -0.0221194 0.997777 -0.0628663 0.0457803 0.0638266 0.99691 0.0229821 -0.00519164 -0.00208086 0.000264399
0.998592 0.0204826 -0.048933 -0.023529 0.997767 -0.0625124 0.0475433 0.0635758 0.996844 0.0220458 -0.00541659 -0.00164507 0.000250417
0.998542 0.0216463 -0.0494522 -0.0248006 0.997636 -0.0640883 0.047948 0.0652213 0.996718 0.021104 -0.00531976 -0.00301942 0.000232472
0.998495 0.0203553 -0.0509186 -0.023605 0.997667 -0.0640565 0.049496 0.065162 0.996646 0.022317 -0.00514478 -0.00278062 0.000230499
0.998483 0.0174642 -0.052226 -0.0208023 0.997728 -0.0640723 0.0509884 0.0650615 0.996578 0.0248607 -0.00469291 -0.00251833 0.000258946
0.998386 0.0204213 -0.0529968 -0.0238075 0.997661 -0.0640699 0.0515645 0.0652283 0.996537 0.0225369 -0.00518263 -0.00264098 0.000296492
0.998412 0.0159646 -0.05403 -0.0194748 0.99769 -0.0650769 0.0528663 0.0660258 0.996416 0.0263449 -0.00436255 -0.00314359 0.000264601
0.998308 0.0170399 -0.05559 -0.0205703 0.997766 -0.0635664 0.0543826 0.0646023 0.996428 0.0256708 -0.00481333 -0.00179606 0.000261339
0.998278 0.0159797 -0.0564406 -0.0196214 0.99772 -0.0645699 0.0552801 0.0655662 0.996316 0.0266744 -0.00448472 -0.00252251 0.000282855
0.998203 0.0159525 -0.0577638 -0.0197142 0.997681 -0.0651491 0.0565905 0.0661708 0.996202 0.0268703 -0.00440519 -0.0028591 0.000302743
0.998129 0.0115914 -0.060027 -0.0154986 0.997762 -0.0650397 0.0591388 0.0658484 0.996076 0.0307337 -0.00373699 -0.00220764 0.00027024
0.998031 0.0129305 -0.0613723 -0.0169386 0.997726 -0.0652445 0.060389 0.0661556 0.99598 0.0298091 -0.00390408 -0.00234644 0.000292465
0.997931 0.0130983 -0.0629384 -0.0172072 0.997724 -0.065192 0.0619412 0.0661402 0.995886 0.0298638 -0.0039451 -0.00221088 0.000294063
0.997771 0.0160592 -0.0647639 -0.0201973 0.997761 -0.0637552 0.063595 0.0649211 0.995862 0.0276321 -0.00467032 -0.00110302 0.000322981
0.997612 0.0197137 -0.0661941 -0.0238657 0.997758 -0.062531 0.0648129 0.0639614 0.995845 0.024771 -0.00545448 -0.000350473 0.00036139
0.997548 0.0203593 -0.0669539 -0.0245663 0.997735 -0.0626247 0.0655272 0.064116 0.995789 0.0242984 -0.00552999 -0.000649896 0.000345839
0.997445 0.0201518 -0.0685327 -0.024366 0.997827 -0.0612223 0.06715 0.0627357 0.995769 0.0246052 -0.00569107 0.000444971 0.000369495
0.99734 0.02175 -0.0695731 -0.0259849 0.997827 -0.0605553 0.0681048 0.0622021 0.995737 0.0233342 -0.00603432 0.000664322 0.000435371
0.997311 0.0196914 -0.0705895 -0.0239267 0.997932 -0.0596639 0.0692687 0.0611925 0.99572 0.0250845 -0.00580818 0.00127946 0.000483496
0.997321 0.019619 -0.0704722 -0.0238793 0.997905 -0.0601287 0.0691449 0.0616504 0.9957 0.0250571 -0.00565886 0.000418135 0.000491996
0.997258 0.0199536 -0.0712577 -0.0241403 0.998002 -0.0583846 0.0699503 0.0599447 0.995748 0.024784 -0.00593936 0.00146842 0.000499481
0.997265 0.0223246 -0.0704583 -0.0264222 0.99798 -0.0577715 0.0690263 0.0594752 0.99584 0.0226743 -0.00637414 0.0011162 0.000521758
0.997326 0.0206319 -0.0701023 -0.0246063 0.99811 -0.0563129 0.0688079 0.0578873 0.995949 0.0239655 -0.00628709 0.00181353 0.000574283
0.997407 0.0207751 -0.0689036 -0.0246738 0.998113 -0.0562224 0.0676056 0.0577767 0.996038 0.0236423 -0.00629233 0.00110181 0.000557943
0.997497 0.0180211 -0.0683709 -0.0217915 0.998259 -0.054807 0.0672642 0.0561597 0.996153 0.0257935 -0.00604517 0.00175899 0.000565279
0.997571 0.0194601 -0.0668862 -0.0230528 0.998309 -0.0533682 0.0657345 0.0547805 0.996332 0.0244014 -0.00649809 0.00196876 0.000554755
0.997635 0.0199719 -0.0657722 -0.0234153 0.998372 -0.052005 0.0646265 0.053422 0.996479 0.0238139 -0.00676168 0.00227274 0.000573122
