NO_OF_FRAMES	30356
FREQUENCY	100
DATA_INCLUDED	6DOF(row-major-order)
ORDER	R11 R12 R13 R21 R22 R23 R31 R32 R33 Tx Ty Tz RMS
SOURCE_FILE	/afs/inf.ed.ac.uk/group/cstr/projects/galatea/DB/MotionCapture/Recordings_October_2014/Markers/Esmo/CSTR/Esmo_02_e.tsv.gz
RIGID_BODY_MARKERS	 1 2 3 4
PROGRAM_NAME	EstimateRigidBodyWithSegment
REFERENCE_FRAME	3
SEGMENT_HALF_WIDTH	2
SEGMENT_WINDOW_TYPE	rectangle
REFERENCE_MARKER_1	-0.151969 0.836661 0.109566
REFERENCE_MARKER_2	-0.200539 0.816601 0.0328052
REFERENCE_MARKER_3	-0.220616 0.809042 0.246596
REFERENCE_MARKER_4	-0.182826 0.848154 0.182532
REFERENCE_CENTRE	-0.188987 0.827614 0.142875
END_OF_HEADER
1 0 0 0 1 0 0 0 1 0 0 0 0
1 0 0 0 1 0 0 0 1 0 0 0 0
1 9.4369e-16 1.2837e-16 -8.88178e-16 1 1.11022e-16 3.1225e-17 2.01228e-16 1 -8.04912e-16 -2.22045e-16 -1.66533e-16 4.70363e-17
0.999999 -1.86705e-05 0.00106577 1.8292e-05 1 0.000355155 -0.00106578 -0.000355135 0.999999 -7.06203e-05 -6.75918e-05 1.78502e-05 0.000177561
0.999994 0.00261502 0.00245147 -0.00261727 0.999996 0.000912723 -0.00244907 -0.000919133 0.999997 -0.00240727 -0.000659528 0.000148785 0.00018958
0.999975 0.00593713 0.00394369 -0.00594294 0.999981 0.00146459 -0.00393492 -0.00148799 0.999991 -0.00533714 -0.00135744 0.00026365 0.00013484
0.999971 0.00552411 0.00522547 -0.00553016 0.999984 0.00114273 -0.00521907 -0.0011716 0.999986 -0.00512579 -0.00125417 -0.000316818 0.000153896
0.999973 0.00343268 0.00655044 -0.00344472 0.999992 0.00182745 -0.00654412 -0.00184996 0.999977 -0.00353926 -0.000995209 -8.06151e-05 0.000202814
0.999964 0.00334632 0.00776405 -0.00336186 0.999992 0.00198953 -0.00775734 -0.00201556 0.999968 -0.00359292 -0.00101149 -0.000236088 0.000193631
0.999958 0.00208336 0.00895214 -0.00210123 0.999996 0.00198694 -0.00894796 -0.00200567 0.999958 -0.00266334 -0.000776319 -0.000526126 0.000110581
0.999947 0.0019878 0.0101465 -0.00200905 0.999996 0.0020841 -0.0101423 -0.00210437 0.999946 -0.00271617 -0.000764522 -0.000737335 0.000150983
0.999928 0.00307812 0.0115798 -0.00310928 0.999992 0.00267347 -0.0115714 -0.00270928 0.999929 -0.00381007 -0.00105041 -0.000567302 0.000155102
0.999909 0.00533905 0.0123661 -0.00537287 0.999982 0.00270382 -0.0123515 -0.00277002 0.99992 -0.00574961 -0.00147519 -0.00070344 0.000140409
0.999901 0.00484844 0.0132455 -0.00488403 0.999985 0.00265632 -0.0132324 -0.00272074 0.999909 -0.00543043 -0.00137168 -0.000949702 0.000191627
0.999885 0.00498601 0.0143118 -0.0050232 0.999984 0.00256415 -0.0142987 -0.00263575 0.999894 -0.00567773 -0.00135904 -0.00126368 0.000168954
0.999881 0.00408669 0.0148883 -0.00412433 0.999988 0.00249801 -0.014878 -0.00255911 0.999886 -0.00497318 -0.00118602 -0.00146121 0.000123798
0.999873 0.00297141 0.0156537 -0.00300789 0.999993 0.00230682 -0.0156467 -0.00235361 0.999875 -0.00413322 -0.000945085 -0.00180796 0.000129917
0.999861 0.00289526 0.0164043 -0.00293274 0.999993 0.0022606 -0.0163976 -0.0023084 0.999863 -0.00415904 -0.000907936 -0.00202375 0.000147764
0.99985 0.00320262 0.0170305 -0.0032458 0.999992 0.0025084 -0.0170223 -0.0025633 0.999852 -0.0045026 -0.000985732 -0.00197582 0.000146434
0.999839 0.00312875 0.0176608 -0.00317383 0.999992 0.0025255 -0.0176528 -0.00258115 0.999841 -0.00451532 -0.000970246 -0.00211428 0.000144878
0.999826 0.00248523 0.0184783 -0.00253028 0.999994 0.00241462 -0.0184722 -0.00246095 0.999826 -0.00409521 -0.000827731 -0.00240119 0.000144317
0.999817 0.00234439 0.0190006 -0.00239071 0.999994 0.0024155 -0.0189948 -0.00246048 0.999817 -0.00403686 -0.000807588 -0.00251814 0.000153313
0.999796 0.00217834 0.0200879 -0.00222589 0.999995 0.00234501 -0.0200827 -0.00238924 0.999795 -0.00407037 -0.000753926 -0.00281537 0.000127167
0.999785 0.00256136 0.0205599 -0.00260715 0.999994 0.00220069 -0.0205541 -0.00225382 0.999786 -0.00442506 -0.000819065 -0.00304056 0.000137112
0.999775 0.00319506 0.0209518 -0.00324381 0.999992 0.00229323 -0.0209443 -0.00236067 0.999778 -0.0049948 -0.000962855 -0.00305914 0.000135371
0.999773 0.00378789 0.0209452 -0.00383851 0.99999 0.00237725 -0.0209359 -0.00245711 0.999778 -0.00545883 -0.00111348 -0.00300766 0.000151191
0.999772 0.00417316 0.0209235 -0.00422593 0.999988 0.00247838 -0.0209129 -0.00256623 0.999778 -0.00575161 -0.00122911 -0.00294626 0.000153001
0.999773 0.00444366 0.0208434 -0.00449914 0.999986 0.00261539 -0.0208315 -0.00270858 0.999779 -0.0059427 -0.00133541 -0.00283426 0.000152144
0.999771 0.00416596 0.0210109 -0.00422495 0.999987 0.002764 -0.0209991 -0.00285213 0.999775 -0.00573557 -0.00132642 -0.00276569 0.000145982
0.999761 0.00393877 0.021499 -0.0039959 0.999989 0.00261505 -0.0214884 -0.00270033 0.999765 -0.00563411 -0.001275 -0.00299523 0.000155671
0.999759 0.00184124 0.0218953 -0.00189369 0.999995 0.00237489 -0.0218909 -0.00241578 0.999757 -0.00396753 -0.00086151 -0.00331761 0.000191707
0.999738 0.00282571 0.0227258 -0.00287748 0.999993 0.00224546 -0.0227193 -0.00231026 0.999739 -0.00494235 -0.0010207 -0.00357525 0.00020577
0.999733 0.00289536 0.0229292 -0.00294632 0.999993 0.00218929 -0.0229227 -0.00225626 0.999735 -0.00504813 -0.00104053 -0.00366471 0.000163077
0.999718 0.00506916 0.023192 -0.00512666 0.999984 0.00242058 -0.0231794 -0.0025388 0.999728 -0.00691704 -0.00148764 -0.00348969 0.000203517
0.999711 0.00567281 0.0233552 -0.00573411 0.99998 0.00255831 -0.0233402 -0.0026915 0.999724 -0.00747609 -0.00162528 -0.00341681 0.000219729
0.999693 0.0075018 0.0236036 -0.00757086 0.999967 0.00283781 -0.0235815 -0.00301564 0.999717 -0.00906926 -0.00196873 -0.00319897 0.000207364
0.999698 0.00802908 0.0232177 -0.00810711 0.999962 0.00326881 -0.0231906 -0.00345605 0.999725 -0.00947476 -0.00214235 -0.00276053 0.000223748
0.999693 0.00815861 0.0233971 -0.00823881 0.999961 0.00333312 -0.023369 -0.00352486 0.999721 -0.00966072 -0.00214859 -0.00274377 0.000178433
0.999701 0.00572071 0.0237579 -0.00578774 0.999979 0.00275362 -0.0237416 -0.0028903 0.999714 -0.00775265 -0.00159497 -0.00333418 0.000211565
0.999714 0.00527305 0.0233106 -0.00533531 0.999982 0.00260949 -0.0232964 -0.00273311 0.999725 -0.00734527 -0.00148708 -0.00336678 0.000228029
0.999717 0.00548359 0.0231634 -0.00554193 0.999982 0.00245535 -0.0231495 -0.00258302 0.999729 -0.00755334 -0.00151596 -0.00346746 0.000193262
0.999718 0.00312024 0.0235287 -0.00316807 0.999993 0.00199595 -0.0235223 -0.00206993 0.999721 -0.00572233 -0.000976707 -0.00396601 0.000188281
0.999718 0.00271981 0.0235889 -0.00276527 0.999994 0.00189479 -0.0235836 -0.00195948 0.99972 -0.00546569 -0.00087062 -0.00407604 0.000193761
0.999725 0.00082742 0.023448 -0.000869365 0.999998 0.00177872 -0.0234465 -0.00179861 0.999723 -0.00393485 -0.000469311 -0.00420058 0.000203811
0.99971 0.000104979 0.0240679 -0.000147791 0.999998 0.00177701 -0.0240677 -0.00178005 0.999709 -0.00352131 -0.000287291 -0.00434612 0.000231067
0.999702 -0.00026241 0.024398 0.000216822 0.999998 0.00187113 -0.0243985 -0.00186529 0.999701 -0.00334623 -0.000194665 -0.00434993 0.000183332
0.999694 0.00108659 0.0247302 -0.00113805 0.999997 0.00206701 -0.0247278 -0.00209452 0.999692 -0.00459821 -0.000422497 -0.00424272 0.000192334
0.999682 0.00134799 0.0251846 -0.00140593 0.999996 0.00228293 -0.0251815 -0.00231761 0.99968 -0.00496872 -0.000455521 -0.00415834 0.000219927
0.999665 0.00270295 0.0257377 -0.00276678 0.999993 0.00244471 -0.0257309 -0.0025151 0.999666 -0.00625875 -0.000692424 -0.00410165 0.000198507
0.999667 0.00108875 0.0257799 -0.0011537 0.999996 0.00250464 -0.0257771 -0.00253355 0.999665 -0.00498634 -0.000364191 -0.0041022 0.000243444
0.999664 0.00171244 0.0258636 -0.00178154 0.999995 0.00264905 -0.0258589 -0.00269424 0.999662 -0.00557189 -0.00047692 -0.00398644 0.000214897
0.999673 0.000186142 0.0255777 -0.000252312 0.999997 0.00258383 -0.0255772 -0.00258943 0.999669 -0.00429458 -0.000179225 -0.00401416 0.000159214
0.999663 0.000368875 0.0259587 -0.000429632 0.999997 0.00233497 -0.0259578 -0.00234533 0.99966 -0.00455938 -0.000134482 -0.00427712 0.00020001
0.999663 0.00120005 0.0259169 -0.00126386 0.999996 0.00244572 -0.0259139 -0.00247765 0.999661 -0.00527789 -0.000299019 -0.00415509 0.000202003
0.999654 0.00331725 0.026087 -0.00338355 0.999991 0.00249791 -0.0260785 -0.00258531 0.999657 -0.00709587 -0.000696664 -0.00409055 0.000184045
0.999645 0.00128758 0.0266091 -0.00134495 0.999997 0.0021382 -0.0266063 -0.00217323 0.999644 -0.00553659 -0.000241757 -0.00452569 0.00021047
0.999632 0.0019161 0.0270501 -0.00197522 0.999996 0.00215893 -0.0270459 -0.00221156 0.999632 -0.00616428 -0.000350495 -0.00457069 0.000191792
0.999633 -0.00133328 0.0270403 0.00128239 0.999997 0.00189911 -0.0270428 -0.00186373 0.999633 -0.0034826 0.000285668 -0.00485952 0.000181311
0.999622 -0.00164348 0.0274489 0.0015949 0.999997 0.00179168 -0.0274518 -0.00174723 0.999622 -0.00331826 0.000378327 -0.00502417 0.000210944
0.999607 -0.00298972 0.0278723 0.0029453 0.999994 0.00163468 -0.027877 -0.00155195 0.99961 -0.00229369 0.000672801 -0.005266 0.000164595
0.999611 -0.0024246 0.0277805 0.00237549 0.999996 0.00180062 -0.0277847 -0.00173392 0.999612 -0.00275447 0.000543527 -0.00510531 0.000175824
0.999595 -0.00510202 0.0279899 0.00506192 0.999986 0.00150329 -0.0279972 -0.001361 0.999607 -0.000581131 0.00110936 -0.00545935 0.000201841
0.999592 -0.00381449 0.0283162 0.00376816 0.999991 0.00168936 -0.0283224 -0.00158197 0.999598 -0.00171453 0.000836415 -0.00534178 0.000188973
0.999593 -0.00341408 0.0283298 0.00335675 0.999992 0.00207095 -0.0283366 -0.00197501 0.999596 -0.00205191 0.000710448 -0.00503837 0.0001615
0.999601 -0.00138397 0.0282098 0.00131045 0.999996 0.00262435 -0.0282133 -0.00258633 0.999599 -0.00371604 0.000232946 -0.00452054 0.000160128
0.999587 -0.00308875 0.0285618 0.00301974 0.999992 0.00245868 -0.0285692 -0.00237142 0.999589 -0.00237169 0.000583922 -0.00476621 0.00022429
0.999577 -0.00223408 0.0290044 0.00216121 0.999994 0.00254337 -0.0290099 -0.00247961 0.999576 -0.00316675 0.000413309 -0.00475926 0.000261513
0.999583 -0.000457753 0.0288691 0.000375674 0.999996 0.00284849 -0.0288703 -0.00283646 0.999579 -0.00461913 2.3543e-05 -0.00443882 0.000215541
0.999563 -0.00215385 0.0294757 0.00208594 0.999995 0.00233462 -0.0294805 -0.00227212 0.999563 -0.00333441 0.00042386 -0.00501959 0.000159931
0.99954 -0.00468221 0.0299586 0.0046318 0.999988 0.00175184 -0.0299664 -0.00161227 0.99955 -0.00133936 0.00100375 -0.00564708 0.000227523
0.999547 -0.00173669 0.0300592 0.00167458 0.999996 0.00209119 -0.0300627 -0.00203991 0.999546 -0.00381468 0.000387599 -0.00530766 0.000216408
0.999544 -0.00265133 0.0300678 0.00259211 0.999995 0.00200845 -0.030073 -0.00192959 0.999546 -0.00307806 0.000574709 -0.00539778 0.000186371
0.999528 -0.00390847 0.0304831 0.00385148 0.999991 0.00192829 -0.0304904 -0.00180998 0.999533 -0.00215692 0.000849948 -0.00558033 0.000234373
0.999525 -0.00432956 0.0305005 0.00427184 0.999989 0.00195714 -0.0305086 -0.00182592 0.999533 -0.00184003 0.000925813 -0.0055616 0.000191536
0.99953 -0.00272658 0.0305391 0.00266133 0.999994 0.00217698 -0.0305448 -0.00209469 0.999531 -0.00320843 0.000587628 -0.00534324 0.000201282
0.999496 -0.00551264 0.0312673 0.00546274 0.999984 0.00168128 -0.031276 -0.00150962 0.99951 -0.0010901 0.00125212 -0.00598334 0.000209006
0.999487 -0.00440455 0.0317283 0.00434924 0.999989 0.00181205 -0.031736 -0.00167313 0.999495 -0.0021374 0.0010368 -0.00592993 0.000220346
0.999484 -0.00464601 0.0317841 0.00459422 0.999988 0.00170237 -0.0317917 -0.00155546 0.999493 -0.00197421 0.001106 -0.00602351 0.000211396
0.999473 -0.00587935 0.0319248 0.00583104 0.999982 0.00160607 -0.0319337 -0.00141907 0.999489 -0.00102792 0.0013779 -0.00615612 0.000207499
0.999443 -0.00763756 0.0324963 0.00759614 0.99997 0.00139781 -0.032506 -0.00115019 0.999471 0.000264836 0.0017862 -0.00647552 0.000230423
0.999445 -0.00640376 0.032692 0.00635075 0.999978 0.00172518 -0.0327023 -0.00151661 0.999464 -0.000839913 0.00148651 -0.00617619 0.000191163
0.999431 -0.00752643 0.0328659 0.00747335 0.999971 0.00173762 -0.032878 -0.00149102 0.999458 -7.72402e-06 0.00172911 -0.00622361 0.000192973
0.999398 -0.00928639 0.0334372 0.0092416 0.999956 0.00149379 -0.0334496 -0.00118388 0.99944 0.00127253 0.00213703 -0.00657227 0.000230996
0.999385 -0.00825507 0.0340874 0.00820675 0.999965 0.00155727 -0.034099 -0.00127656 0.999418 0.000223404 0.00196256 -0.00660635 0.000210248
0.999384 -0.00739193 0.0343135 0.0073397 0.999972 0.00164792 -0.0343247 -0.00139505 0.99941 -0.000609479 0.00180509 -0.00654185 0.00018572
0.999359 -0.00857154 0.0347629 0.00852683 0.999963 0.00143439 -0.0347739 -0.00113706 0.999395 0.000203635 0.00210431 -0.00682874 0.000198287
0.999345 -0.00786358 0.0353149 0.00782033 0.999968 0.0013627 -0.0353245 -0.00108563 0.999375 -0.000571256 0.00201985 -0.00696133 0.000237764
0.999316 -0.00830808 0.0360357 0.00826893 0.999965 0.00123539 -0.0360447 -0.000936566 0.99935 -0.000433732 0.00219047 -0.00721807 0.000227344
0.999291 -0.0103338 0.0362035 0.0102996 0.999946 0.00112978 -0.0362132 -0.000756096 0.999344 0.00111077 0.00263525 -0.00738933 0.000250746
0.99928 -0.0102233 0.0365488 0.0101718 0.999947 0.00159465 -0.0365631 -0.00122173 0.999331 0.00084211 0.00260153 -0.00706734 0.000262874
0.999274 -0.0101196 0.0367168 0.0100585 0.999948 0.0018498 -0.0367336 -0.00147914 0.999324 0.000597711 0.00259061 -0.00688568 0.000213553
0.999271 -0.00992935 0.0368675 0.00985332 0.999949 0.00224336 -0.0368879 -0.00187846 0.999318 0.000252966 0.00254789 -0.00658787 0.000286069
0.999251 -0.0111656 0.0370537 0.0110722 0.999935 0.00272622 -0.0370818 -0.00231391 0.99931 0.00101819 0.00277582 -0.00627188 0.000357495
0.999134 -0.0173947 0.0378103 0.0172706 0.999844 0.00360669 -0.0378671 -0.00295056 0.999278 0.00566888 0.00403482 -0.00593582 0.000546714
0.998866 -0.0277573 0.0386725 0.0276235 0.99961 0.00398849 -0.0387681 -0.0029157 0.999244 0.0135157 0.00631006 -0.00619091 0.000744803
0.998414 -0.0394421 0.040174 0.0392745 0.999216 0.00495316 -0.0403379 -0.00336749 0.99918 0.0220114 0.00901821 -0.00620774 0.00103991
0.997457 -0.0573016 0.0423865 0.0570944 0.99835 0.0060856 -0.0426652 -0.0036501 0.999083 0.0350103 0.0134262 -0.00655997 0.00145049
0.995927 -0.0779304 0.0453445 0.0776502 0.996949 0.00791276 -0.0458229 -0.00435952 0.99894 0.0495729 0.0188881 -0.0067744 0.00195466
0.993926 -0.0984755 0.0491315 0.0981094 0.995127 0.00981446 -0.0498586 -0.00493458 0.998744 0.0632968 0.0248813 -0.00731386 0.00252201
0.990622 -0.125487 0.0540427 0.125022 0.992082 0.0119139 -0.0551099 -0.00504565 0.998468 0.0813776 0.0332761 -0.00852428 0.00302143
0.985665 -0.157784 0.0597316 0.157205 0.987463 0.0142984 -0.0612388 -0.00470338 0.998112 0.102882 0.0440448 -0.0103207 0.00345458
0.979263 -0.191366 0.0665077 0.190632 0.98151 0.0172735 -0.0685835 -0.00423685 0.997636 0.12455 0.0561253 -0.0124685 0.00378838
0.971456 -0.225401 0.07394 0.224486 0.97426 0.0205805 -0.0766757 -0.00339462 0.99705 0.145889 0.0693144 -0.0150884 0.00400375
0.962288 -0.259432 0.0818321 0.258309 0.965759 0.02421 -0.0853109 -0.00215908 0.996352 0.166687 0.0833821 -0.0181495 0.00410083
0.952393 -0.291294 0.0899685 0.289908 0.956633 0.0283996 -0.0943395 -0.000964934 0.99554 0.185424 0.0973544 -0.0212516 0.00407691
0.942507 -0.319545 0.0978365 0.317842 0.947571 0.0329453 -0.103235 4.53681e-05 0.994657 0.201239 0.110405 -0.0241853 0.00395564
0.93281 -0.344779 0.104848 0.342757 0.938683 0.0373019 -0.11128 0.00114177 0.993788 0.214852 0.122643 -0.0270329 0.00376857
0.923434 -0.367281 0.111235 0.364983 0.930106 0.0411102 -0.118559 0.00263626 0.992943 0.226579 0.134082 -0.030073 0.00353654
0.915251 -0.385649 0.116578 0.383152 0.922635 0.0440295 -0.124539 0.00436917 0.992205 0.23551 0.143859 -0.0330506 0.00327731
0.908588 -0.400044 0.120137 0.397333 0.916481 0.0467844 -0.128819 0.00522672 0.991654 0.241989 0.151673 -0.0350874 0.00300503
0.903726 -0.410102 0.122866 0.407515 0.912006 0.0466631 -0.131191 0.00789901 0.991326 0.245623 0.157676 -0.0382543 0.00275137
0.899555 -0.4183 0.1258 0.415895 0.908244 0.0460874 -0.133535 0.0108612 0.990985 0.248162 0.162856 -0.0415626 0.00248667
0.896617 -0.423579 0.12907 0.420951 0.905793 0.0483717 -0.1374 0.010961 0.990455 0.248903 0.165968 -0.0424568 0.00216146
0.89395 -0.428262 0.13208 0.425359 0.903591 0.0509161 -0.141152 0.0106649 0.989931 0.249566 0.168726 -0.0429927 0.00187722
0.891949 -0.431498 0.135042 0.428445 0.902045 0.0524261 -0.144436 0.0110968 0.989452 0.249469 0.170859 -0.0438349 0.00162509
0.890365 -0.434045 0.137318 0.430451 0.900848 0.0564346 -0.148197 0.00886121 0.988918 0.249294 0.172129 -0.0425123 0.00140291
0.890801 -0.433368 0.136622 0.429408 0.901195 0.058792 -0.148602 0.00629485 0.988877 0.24743 0.17158 -0.0405645 0.00131586
0.892044 -0.431313 0.135006 0.427642 0.902174 0.0566137 -0.146217 0.00723233 0.989226 0.244791 0.170874 -0.0412218 0.00122359
0.894389 -0.427366 0.132009 0.423859 0.904054 0.0550452 -0.142867 0.00672122 0.989719 0.241114 0.168902 -0.0404176 0.0011694
0.895531 -0.42568 0.129693 0.422382 0.904847 0.0533475 -0.140061 0.00700539 0.990118 0.23914 0.168223 -0.0403744 0.00103436
0.897157 -0.422812 0.127829 0.419697 0.906189 0.0517375 -0.137712 0.00723274 0.990446 0.236338 0.166875 -0.0402822 0.000851792
0.898649 -0.419709 0.127575 0.416533 0.907636 0.0519354 -0.137589 0.00646742 0.990468 0.233217 0.16514 -0.039489 0.000763721
0.899609 -0.417931 0.126642 0.414532 0.908468 0.0533826 -0.13736 0.00447353 0.990511 0.23123 0.163906 -0.0376514 0.000699891
0.900743 -0.415592 0.126274 0.412024 0.909546 0.0544258 -0.137471 0.00300425 0.990501 0.2288 0.162383 -0.03633 0.00076379
0.902563 -0.411769 0.125801 0.407965 0.911288 0.0558516 -0.137639 0.000912784 0.990482 0.225255 0.160005 -0.0345346 0.000769558
0.903921 -0.409098 0.124764 0.405211 0.912491 0.0562606 -0.136862 -0.000299467 0.99059 0.222599 0.158335 -0.0333032 0.000800685
0.904659 -0.407678 0.124062 0.403751 0.913125 0.0564559 -0.1363 -0.000983074 0.990667 0.220804 0.157406 -0.0326149 0.000796573
0.905676 -0.405639 0.123318 0.401699 0.914032 0.0564206 -0.135603 -0.00156218 0.990762 0.218538 0.156169 -0.0319651 0.000809772
0.906312 -0.404369 0.122816 0.400401 0.914593 0.0565501 -0.135194 -0.00207621 0.990817 0.216777 0.155385 -0.0314513 0.000821903
0.907301 -0.402337 0.122184 0.398405 0.915489 0.0561573 -0.134452 -0.00227286 0.990917 0.214479 0.154226 -0.0311398 0.000801304
0.908203 -0.400391 0.121876 0.396452 0.916341 0.0560873 -0.134137 -0.00262056 0.990959 0.2122 0.153129 -0.0308205 0.000812134
0.909238 -0.398166 0.121447 0.394236 0.917309 0.0558787 -0.133653 -0.00292825 0.991024 0.209714 0.151918 -0.0304757 0.000792968
0.910258 -0.395928 0.121124 0.391968 0.918275 0.0559616 -0.133382 -0.00346289 0.991059 0.207209 0.150709 -0.0300191 0.000786173
0.911344 -0.393499 0.120875 0.389613 0.919319 0.0552562 -0.132866 -0.00326289 0.991129 0.204552 0.149532 -0.0300772 0.00080609
0.912559 -0.390829 0.120369 0.386954 0.920456 0.0550202 -0.132298 -0.00363176 0.991203 0.201749 0.148222 -0.0296524 0.000813042
0.913605 -0.388539 0.119848 0.384666 0.921424 0.0548683 -0.13175 -0.00402642 0.991275 0.199231 0.147146 -0.0292114 0.00081058
0.914826 -0.385833 0.119272 0.381991 0.922559 0.0544844 -0.131057 -0.00428292 0.991366 0.196419 0.145915 -0.0288378 0.000803077
0.91599 -0.383191 0.118859 0.379387 0.923659 0.0540367 -0.130492 -0.00440343 0.99144 0.193638 0.144764 -0.0285957 0.000786064
0.916973 -0.380907 0.118618 0.377137 0.924602 0.0536473 -0.130109 -0.00445803 0.99149 0.191101 0.143825 -0.0284535 0.000789504
0.918261 -0.377894 0.118294 0.37416 0.925838 0.0531855 -0.12962 -0.00457723 0.991553 0.188039 0.142529 -0.028218 0.000793051
0.919256 -0.375553 0.118019 0.371873 0.92679 0.0526449 -0.12915 -0.0045059 0.991615 0.185477 0.141608 -0.0281335 0.000786995
0.920075 -0.373648 0.117684 0.370023 0.92756 0.0521094 -0.128629 -0.0043988 0.991683 0.18325 0.140929 -0.028073 0.000794482
0.920833 -0.371909 0.117262 0.368351 0.92826 0.0514943 -0.128001 -0.00422403 0.991765 0.181181 0.140337 -0.0280441 0.000768466
0.92158 -0.370231 0.116699 0.366748 0.928931 0.0508264 -0.127223 -0.00404156 0.991866 0.179199 0.13977 -0.027988 0.000750717
0.921868 -0.36966 0.116236 0.36626 0.92916 0.0501505 -0.12654 -0.00365952 0.991955 0.17805 0.139752 -0.0281118 0.000729233
0.922395 -0.368515 0.115692 0.3652 0.929616 0.0494303 -0.125765 -0.00334356 0.992054 0.176514 0.139429 -0.0281621 0.000699926
0.922884 -0.367451 0.115173 0.364214 0.930038 0.0487638 -0.125033 -0.00305575 0.992148 0.17507 0.139111 -0.0282022 0.000682574
0.923475 -0.366157 0.114561 0.363011 0.930549 0.047969 -0.124169 -0.00271129 0.992257 0.173495 0.138667 -0.0282624 0.00064215
0.923977 -0.365048 0.11405 0.361984 0.930986 0.0472582 -0.12343 -0.00238137 0.99235 0.172096 0.138272 -0.0283315 0.00060544
0.924142 -0.364755 0.113648 0.361776 0.931101 0.0465659 -0.122803 -0.00191838 0.992429 0.171305 0.138289 -0.0285524 0.000588799
0.924559 -0.363817 0.113258 0.360918 0.931469 0.0458594 -0.12218 -0.00152295 0.992507 0.170091 0.137936 -0.0286989 0.000551726
0.924729 -0.363499 0.112895 0.360684 0.931594 0.0451625 -0.121589 -0.00104355 0.99258 0.169395 0.137872 -0.0289202 0.000508403
0.924866 -0.363228 0.112639 0.36048 0.9317 0.0445985 -0.121145 -0.000643593 0.992635 0.168765 0.137801 -0.0291018 0.000465112
0.924666 -0.363818 0.112376 0.361134 0.93147 0.0441123 -0.120724 -0.00020623 0.992686 0.168822 0.138158 -0.0293251 0.000417787
0.924837 -0.363505 0.111987 0.360866 0.931592 0.0437176 -0.120218 -1.93517e-05 0.992748 0.16829 0.13803 -0.0292945 0.000401907
0.924576 -0.364259 0.111691 0.361655 0.931298 0.0434757 -0.119854 0.000197207 0.992791 0.168568 0.138455 -0.0293277 0.000378891
0.924195 -0.365323 0.111367 0.362751 0.930881 0.043276 -0.119479 0.000403125 0.992837 0.169111 0.139059 -0.0293311 0.000369394
0.923696 -0.366729 0.110885 0.364181 0.930328 0.0431647 -0.11899 0.000511261 0.992895 0.169955 0.139853 -0.0292198 0.000367126
0.923228 -0.368043 0.110425 0.365535 0.929808 0.042905 -0.118465 0.000753165 0.992958 0.170764 0.140647 -0.0291822 0.000356969
0.922609 -0.369733 0.109954 0.36728 0.929137 0.0425315 -0.117888 0.00114411 0.993026 0.171897 0.141665 -0.0292393 0.000358315
0.922379 -0.370489 0.109337 0.368096 0.928836 0.0420676 -0.117142 0.00144415 0.993114 0.172394 0.14223 -0.0291488 0.000353044
0.922429 -0.370499 0.108879 0.36819 0.928831 0.0413465 -0.116449 0.00194894 0.993195 0.172356 0.142454 -0.0292151 0.000336912
0.922778 -0.369716 0.108587 0.36752 0.929141 0.0403285 -0.115802 0.00269351 0.993269 0.171786 0.142302 -0.0294756 0.000332892
0.92354 -0.36787 0.108379 0.365794 0.929871 0.039179 -0.115191 0.00346116 0.993337 0.170457 0.141623 -0.0297567 0.000326342
0.924629 -0.365149 0.108299 0.363204 0.930939 0.0378797 -0.114651 0.00430984 0.993396 0.168496 0.140517 -0.0301181 0.00031149
0.925448 -0.363084 0.108244 0.361274 0.931742 0.0365827 -0.114138 0.00525031 0.993451 0.167059 0.139732 -0.0305829 0.000300469
0.926697 -0.35996 0.107992 0.358263 0.932949 0.035406 -0.113496 0.00587893 0.993521 0.164878 0.138376 -0.0307697 0.000298899
0.927696 -0.357448 0.107754 0.355857 0.93391 0.0343135 -0.112898 0.00651255 0.993585 0.163128 0.137322 -0.030989 0.000276489
0.92864 -0.355076 0.107469 0.353579 0.934811 0.0333216 -0.112295 0.00705493 0.99365 0.161487 0.136308 -0.031143 0.000269756
0.929477 -0.353009 0.107038 0.351582 0.935591 0.0325558 -0.111637 0.00737284 0.993722 0.160086 0.135398 -0.0311163 0.000265282
0.930421 -0.350654 0.106573 0.349282 0.936475 0.0319003 -0.110989 0.00754338 0.993793 0.158462 0.134313 -0.0309849 0.000239723
0.930945 -0.349418 0.106056 0.34809 0.936935 0.0313916 -0.110337 0.00769325 0.993865 0.157681 0.133744 -0.0308575 0.000245606
0.93122 -0.348909 0.105315 0.34759 0.937126 0.0312318 -0.109591 0.00752281 0.993948 0.15749 0.133471 -0.0304573 0.000244836
0.9315 -0.34842 0.104458 0.347106 0.93731 0.0310989 -0.108745 0.00728926 0.994043 0.157332 0.133176 -0.0300055 0.000240832
0.931802 -0.347886 0.103534 0.346575 0.937511 0.0309838 -0.107843 0.0070116 0.994143 0.157164 0.132842 -0.0295103 0.000244088
0.932005 -0.347603 0.102653 0.346302 0.937617 0.0308198 -0.106962 0.00682471 0.99424 0.157195 0.132638 -0.0290952 0.000242442
0.932206 -0.347368 0.101622 0.346061 0.937707 0.0307947 -0.105989 0.00646037 0.994346 0.15731 0.132434 -0.0285208 0.000264119
0.932629 -0.346468 0.100808 0.34519 0.93804 0.0304192 -0.105101 0.00642817 0.994441 0.156906 0.13196 -0.0282347 0.000253273
0.932954 -0.345831 0.0999927 0.344568 0.938276 0.0301901 -0.104261 0.00628831 0.99453 0.156735 0.131606 -0.0278588 0.000256114
0.933216 -0.345395 0.0990431 0.344128 0.938439 0.030147 -0.103359 0.00594987 0.994626 0.156764 0.131333 -0.0272996 0.000275022
0.933402 -0.345125 0.0982367 0.343867 0.938539 0.0299976 -0.102552 0.00578056 0.994711 0.15691 0.131182 -0.0269013 0.000267671
0.9335 -0.345042 0.0975947 0.343797 0.93857 0.0298317 -0.101893 0.00570491 0.994779 0.157202 0.131151 -0.0266071 0.000285075
0.933774 -0.344503 0.0968689 0.343265 0.938769 0.0296929 -0.101167 0.00552534 0.994854 0.157195 0.130888 -0.0262017 0.000289583
0.933879 -0.34441 0.0961842 0.343183 0.938804 0.0295521 -0.100476 0.0054107 0.994925 0.15754 0.130853 -0.0258541 0.000303769
0.933973 -0.344271 0.0957743 0.343074 0.938854 0.0292185 -0.0999771 0.00556837 0.994974 0.157829 0.130845 -0.0257706 0.000332738
0.934291 -0.343558 0.095225 0.342377 0.939115 0.0290011 -0.0993908 0.00550729 0.995033 0.15774 0.130532 -0.0254688 0.000344921
0.934774 -0.342392 0.0946901 0.341228 0.939541 0.0287309 -0.0988025 0.00545404 0.995092 0.157317 0.130007 -0.0251647 0.000351206
0.934796 -0.342435 0.0943056 0.341319 0.939523 0.0282296 -0.0982691 0.00579936 0.995143 0.15781 0.130099 -0.0252049 0.000368811
0.935098 -0.341683 0.0940434 0.340583 0.939797 0.0280042 -0.0979503 0.00584299 0.995174 0.157694 0.129779 -0.0250169 0.000392834
0.935437 -0.340832 0.0937625 0.339754 0.940106 0.0277211 -0.0975949 0.00592491 0.995209 0.157519 0.129407 -0.0248452 0.000387515
0.935682 -0.340204 0.0935943 0.339155 0.940332 0.0273783 -0.0973239 0.00612562 0.995234 0.157499 0.129157 -0.024788 0.000389441
0.935667 -0.340231 0.0936459 0.339259 0.940317 0.026602 -0.0971076 0.00687961 0.99525 0.157955 0.129265 -0.0252034 0.000401164
0.935995 -0.339308 0.0937245 0.338344 0.94065 0.0264861 -0.0971489 0.00692028 0.995246 0.157686 0.128832 -0.0250546 0.00040936
0.936208 -0.338702 0.0937837 0.337776 0.940866 0.0260568 -0.0970633 0.0072833 0.995252 0.157662 0.128579 -0.0251552 0.000400716
0.936282 -0.338488 0.0938184 0.337587 0.940941 0.0258005 -0.0970107 0.0075153 0.995255 0.157938 0.128483 -0.0251582 0.000400121
0.936326 -0.338347 0.0938825 0.337468 0.94099 0.0255707 -0.0969942 0.00773991 0.995255 0.158266 0.128403 -0.0251672 0.000397661
0.936426 -0.337987 0.0941832 0.337114 0.941118 0.0255199 -0.0972629 0.00785302 0.995228 0.158389 0.128209 -0.0251333 0.0003881
0.93669 -0.337209 0.0943535 0.336353 0.941396 0.0253199 -0.0973621 0.00801922 0.995217 0.15821 0.127822 -0.025122 0.000388333
0.936722 -0.337031 0.0946649 0.3362 0.941457 0.0250777 -0.0975749 0.00833556 0.995193 0.158471 0.127721 -0.0252659 0.000385507
0.936833 -0.336575 0.0951949 0.33578 0.941616 0.0247337 -0.0979617 0.00879317 0.995151 0.158489 0.127499 -0.0255519 0.000402749
0.936958 -0.336054 0.0957986 0.335289 0.941798 0.0244606 -0.098443 0.00920162 0.9951 0.158451 0.127233 -0.0258159 0.000404637
0.937107 -0.335536 0.0961607 0.334779 0.941981 0.0243779 -0.0987612 0.00934795 0.995067 0.158445 0.126929 -0.0258332 0.000392748
0.937064 -0.335524 0.0966195 0.334798 0.941981 0.024121 -0.099107 0.00974507 0.995029 0.158815 0.126899 -0.0260687 0.000389635
0.937126 -0.335225 0.0970494 0.334514 0.942085 0.0239857 -0.0994694 0.00998682 0.994991 0.158971 0.126717 -0.0261827 0.000385766
0.93718 -0.334939 0.097519 0.334253 0.942183 0.0237802 -0.0998457 0.0103097 0.99495 0.159135 0.12656 -0.0263756 0.00039284
0.937222 -0.334689 0.0979658 0.334029 0.942268 0.0235514 -0.100192 0.0106505 0.994911 0.159329 0.126431 -0.0265778 0.000396636
0.937416 -0.334045 0.0983098 0.333432 0.942491 0.0230929 -0.10037 0.0111319 0.994888 0.15924 0.126148 -0.026871 0.000385855
0.937292 -0.33429 0.098662 0.333669 0.942404 0.0232275 -0.100744 0.0111495 0.99485 0.159832 0.126223 -0.0268257 0.000385346
0.937439 -0.333734 0.0991438 0.333131 0.942598 0.0230667 -0.101151 0.0114042 0.994806 0.15979 0.125963 -0.0269689 0.000379365
0.937798 -0.332584 0.0996148 0.332001 0.943002 0.0228609 -0.10154 0.0116334 0.994763 0.159299 0.125424 -0.027088 0.00038863
0.938189 -0.331381 0.0999445 0.33082 0.943423 0.0226172 -0.101785 0.0118445 0.994736 0.158777 0.124867 -0.0271699 0.000388339
0.938523 -0.330328 0.100291 0.329754 0.943793 0.0227334 -0.102163 0.0117354 0.994698 0.158388 0.12432 -0.0270082 0.000395526
0.939102 -0.328499 0.10088 0.327984 0.944424 0.0221262 -0.102542 0.0123084 0.994653 0.157359 0.123506 -0.0274118 0.000386214
0.939619 -0.326891 0.101281 0.326413 0.944977 0.0217309 -0.102812 0.0126406 0.994621 0.156533 0.122768 -0.027604 0.000388962
0.940054 -0.325557 0.101542 0.32514 0.945431 0.0210949 -0.102868 0.0131849 0.994608 0.155931 0.122192 -0.02794 0.000396628
0.940549 -0.323972 0.102029 0.323597 0.945969 0.0206701 -0.103213 0.013575 0.994567 0.155134 0.121472 -0.0281923 0.000406315
0.941074 -0.322247 0.102646 0.321943 0.946548 0.0199768 -0.103597 0.0142464 0.994517 0.154206 0.120738 -0.0286898 0.000415253
0.941652 -0.320425 0.103045 0.320204 0.947155 0.0191296 -0.10373 0.0149822 0.994493 0.153261 0.119954 -0.0291961 0.000434445
0.942289 -0.318426 0.103424 0.31829 0.947817 0.0182599 -0.103841 0.0157127 0.99447 0.152204 0.119084 -0.0296969 0.000460139
0.943161 -0.31566 0.103949 0.315551 0.948739 0.0179299 -0.10428 0.0158905 0.994421 0.150568 0.117786 -0.0297942 0.000473023
0.943797 -0.313605 0.104395 0.313579 0.949408 0.0170975 -0.104475 0.0165994 0.994389 0.149502 0.116874 -0.0303072 0.000483654
0.944716 -0.310664 0.10488 0.31072 0.950363 0.0162265 -0.104716 0.0172591 0.994352 0.147801 0.115554 -0.0307837 0.000526876
0.945823 -0.307058 0.105519 0.307138 0.951532 0.0158995 -0.105287 0.0173708 0.99429 0.145599 0.113873 -0.0308671 0.000557317
0.947002 -0.303178 0.106164 0.303313 0.952769 0.0152709 -0.10578 0.0177394 0.994231 0.14323 0.112102 -0.0311594 0.000591036
0.948096 -0.299503 0.106827 0.299721 0.953918 0.0143819 -0.106211 0.0183828 0.994174 0.141072 0.110463 -0.0316791 0.000650829
0.94966 -0.294241 0.107556 0.294524 0.955547 0.0136023 -0.106777 0.0187603 0.994106 0.13776 0.108115 -0.0320097 0.000703293
0.951343 -0.288471 0.108311 0.288801 0.957301 0.0129682 -0.107428 0.0189433 0.994032 0.134113 0.105533 -0.032202 0.000775514
0.953293 -0.281645 0.109126 0.282057 0.959323 0.0119631 -0.108056 0.0193754 0.993956 0.129728 0.102553 -0.0326103 0.00085269
0.955519 -0.273621 0.11007 0.274097 0.961638 0.0110779 -0.108878 0.0195846 0.993862 0.124506 0.0990666 -0.0328692 0.000959126
0.95829 -0.26337 0.110979 0.263898 0.964497 0.010171 -0.109717 0.0195403 0.993771 0.117641 0.0946883 -0.032931 0.00105809
0.961325 -0.251706 0.111797 0.252289 0.967609 0.00913519 -0.110475 0.0194232 0.993689 0.109808 0.0898094 -0.0329362 0.00117605
0.964523 -0.238641 0.1129 0.239321 0.97091 0.00768849 -0.111451 0.0196036 0.993577 0.100938 0.0845348 -0.0332378 0.00129684
0.968074 -0.22325 0.11398 0.224032 0.974563 0.00607036 -0.112436 0.0196586 0.993465 0.0903691 0.0784981 -0.0334412 0.0014356
0.971528 -0.20706 0.115149 0.20795 0.97813 0.00436639 -0.113535 0.0197032 0.993339 0.0792211 0.0723559 -0.033661 0.00156022
0.975016 -0.189049 0.116633 0.190112 0.98176 0.0020483 -0.114893 0.0201761 0.993173 0.0666935 0.0658417 -0.0342819 0.00168243
0.978402 -0.169482 0.118343 0.170746 0.985315 -0.000549196 -0.116512 0.0207439 0.992973 0.0529212 0.0590821 -0.0350087 0.00178309
0.981614 -0.148352 0.120106 0.149815 0.988709 -0.00319386 -0.118276 0.0211289 0.992756 0.0379119 0.052099 -0.0356133 0.00185561
0.984193 -0.128575 0.121789 0.13025 0.991464 -0.00585738 -0.119996 0.0216278 0.992539 0.0239685 0.0458469 -0.0363177 0.00191243
0.98642 -0.108778 0.123059 0.110615 0.99383 -0.00817079 -0.121411 0.0216719 0.992366 0.0100137 0.0397954 -0.0366141 0.00189341
0.98808 -0.0910873 0.124103 0.0930782 0.995605 -0.0103277 -0.122617 0.0217559 0.992216 -0.0023236 0.0345997 -0.036942 0.00183557
0.989375 -0.0747785 0.124681 0.0768116 0.996978 -0.011573 -0.123439 0.021027 0.992129 -0.0135765 0.0298366 -0.0365548 0.0017477
0.990317 -0.061005 0.124703 0.0630125 0.997938 -0.0122142 -0.123701 0.0199538 0.992119 -0.022853 0.025823 -0.0358199 0.0016178
0.990996 -0.0487497 0.124704 0.0506734 0.99864 -0.012299 -0.123935 0.0185074 0.992118 -0.0310883 0.022291 -0.0347737 0.00146571
0.991527 -0.0374602 0.124379 0.0392067 0.999164 -0.0116229 -0.123839 0.0164009 0.992167 -0.0386505 0.0189995 -0.033147 0.0013292
0.991848 -0.0299276 0.123863 0.0314292 0.999454 -0.0101862 -0.123491 0.0139961 0.992247 -0.0432671 0.0165147 -0.0312434 0.00118262
0.991997 -0.0244588 0.123872 0.0257603 0.999628 -0.0089161 -0.123608 0.0120357 0.992258 -0.0464726 0.0146381 -0.029808 0.00105663
0.992115 -0.0195985 0.123786 0.0206877 0.999758 -0.00751976 -0.123608 0.0100213 0.99228 -0.049274 0.0128945 -0.0283149 0.00096573
0.992167 -0.0158379 0.123912 0.0167739 0.999838 -0.00651437 -0.123789 0.00854184 0.992272 -0.0513188 0.0114853 -0.0273017 0.000850343
0.992137 -0.0117264 0.124609 0.0126249 0.9999 -0.00642288 -0.124522 0.00794555 0.992185 -0.0538571 0.010229 -0.027116 0.000789813
0.992053 -0.00651979 0.125655 0.00738517 0.999952 -0.00642234 -0.125608 0.00729929 0.992053 -0.0574476 0.00878153 -0.0269341 0.000754824
0.991961 0.00152767 0.126533 -0.000659788 0.999976 -0.00690054 -0.126541 0.00676158 0.991938 -0.0633992 0.00688807 -0.0267964 0.000710897
0.991733 0.00984127 0.127941 -0.00890441 0.999929 -0.00789257 -0.128009 0.00668809 0.99175 -0.0697383 0.00512116 -0.0271292 0.000700733
0.991378 0.0188864 0.129668 -0.0179036 0.999802 -0.00874083 -0.129808 0.00634393 0.991519 -0.0768034 0.00329136 -0.0272887 0.000654648
0.991024 0.0250415 0.13132 -0.0239349 0.999664 -0.009999 -0.131526 0.00676613 0.99129 -0.0814615 0.00205601 -0.0280614 0.000642703
0.990495 0.0336587 0.133369 -0.0324076 0.999408 -0.0115409 -0.133678 0.00710907 0.990999 -0.0882741 0.000583657 -0.0288165 0.000617945
0.989985 0.0387957 0.135736 -0.0373354 0.999214 -0.0132888 -0.136145 0.00808801 0.990656 -0.0922862 -0.000218053 -0.030165 0.000575607
0.989447 0.0439189 0.138081 -0.0422861 0.998997 -0.0147374 -0.13859 0.00874298 0.990311 -0.0963458 -0.000967979 -0.031209 0.000523289
0.988958 0.0484855 0.140041 -0.0466014 0.998774 -0.0167041 -0.14068 0.00999353 0.990005 -0.0999006 -0.00149083 -0.0326701 0.000442283
0.988423 0.0537404 0.14189 -0.0517751 0.998505 -0.0175093 -0.142619 0.00996021 0.989728 -0.104091 -0.00216136 -0.0330286 0.000382649
0.988229 0.0546503 0.142885 -0.0525719 0.99845 -0.0182845 -0.143663 0.0105575 0.98957 -0.104545 -0.00216646 -0.0337603 0.000351927
0.987895 0.0583645 0.143727 -0.0562621 0.998242 -0.0186526 -0.144563 0.0103404 0.989442 -0.107419 -0.00257643 -0.0337695 0.000313236
0.987834 0.0584799 0.144099 -0.0563756 0.998235 -0.0186467 -0.144935 0.0102962 0.989388 -0.107234 -0.00246476 -0.0338171 0.000259526
0.987908 0.0569891 0.144191 -0.0549477 0.998325 -0.0181038 -0.144981 0.00996191 0.989384 -0.105727 -0.00218615 -0.0335688 0.000245505
0.987926 0.0563501 0.144312 -0.0542579 0.998357 -0.018396 -0.145112 0.0103439 0.989361 -0.105016 -0.00189437 -0.0339012 0.000268468
0.987981 0.055833 0.144141 -0.0537684 0.998388 -0.0181825 -0.144924 0.0102137 0.98939 -0.104408 -0.0016697 -0.0337571 0.000245068
0.988316 0.0521892 0.143202 -0.0501381 0.998582 -0.0178969 -0.143933 0.0105079 0.989532 -0.101102 -0.000993223 -0.0338228 0.000241964
0.988772 0.0469601 0.141864 -0.0449235 0.998837 -0.0175271 -0.142522 0.0109573 0.989731 -0.0964322 -0.000109608 -0.0339419 0.000319179
0.989154 0.0419725 0.140754 -0.0399941 0.999058 -0.0168562 -0.141329 0.0110441 0.989901 -0.0920171 0.000710078 -0.0337835 0.000343352
0.989463 0.038113 0.139677 -0.036276 0.999219 -0.0156751 -0.140165 0.010443 0.990073 -0.088593 0.00130982 -0.0330643 0.000303486
0.989709 0.0347817 0.138803 -0.0330259 0.999343 -0.0149341 -0.139231 0.0101963 0.990207 -0.0856766 0.00188794 -0.0326688 0.000221073
0.990038 0.0266297 0.138259 -0.0249639 0.999594 -0.0137686 -0.13857 0.0101799 0.9903 -0.0787726 0.0031596 -0.0325093 0.000288324
0.989993 0.0255782 0.13878 -0.023943 0.999623 -0.0134394 -0.139071 0.00998213 0.990232 -0.0780154 0.00345983 -0.0323751 0.000331235
0.990069 0.0224008 0.138789 -0.0207601 0.999697 -0.0132583 -0.139043 0.0102454 0.990233 -0.0754062 0.00410667 -0.03254 0.000270927
0.990252 0.016588 0.138296 -0.0148976 0.999801 -0.0132493 -0.138489 0.0110598 0.990302 -0.0704785 0.00522715 -0.033069 0.000294107
0.990383 0.0106637 0.137944 -0.00896232 0.999876 -0.0129489 -0.138065 0.0115881 0.990355 -0.0654776 0.00633003 -0.033379 0.000300538
0.990331 0.0124219 0.138164 -0.0106799 0.999854 -0.013342 -0.13831 0.0117375 0.990319 -0.0669662 0.00622876 -0.0334753 0.000217551
0.990444 0.0108113 0.137492 -0.00905958 0.99987 -0.01336 -0.137618 0.0119868 0.990413 -0.0654448 0.00656486 -0.0335251 0.000165235
0.990458 0.0124198 0.137251 -0.0106249 0.999848 -0.0138026 -0.137402 0.0122126 0.99044 -0.0666703 0.00640793 -0.0336265 0.000184475
0.99053 0.0121154 0.13676 -0.0102783 0.999847 -0.0141312 -0.13691 0.0125917 0.990503 -0.0662348 0.00655111 -0.0338325 0.000260943
0.990624 0.012193 0.136071 -0.0103736 0.999847 -0.0140719 -0.136221 0.0125284 0.990599 -0.0660561 0.00651464 -0.0336439 0.000287735
0.990794 0.0103582 0.13498 -0.00857085 0.999868 -0.0138157 -0.135106 0.0125316 0.990752 -0.0641802 0.00675556 -0.0334367 0.000257733
0.990937 0.00927233 0.134005 -0.007536 0.999881 -0.0134586 -0.134114 0.0123268 0.990889 -0.0629442 0.00683838 -0.0330883 0.00022452
0.991072 0.00918962 0.133014 -0.00753132 0.999888 -0.0129648 -0.133119 0.0118473 0.991029 -0.0625342 0.00675624 -0.0325176 0.000182616
0.99111 0.00910857 0.132732 -0.00743703 0.999887 -0.0130837 -0.132837 0.0119802 0.991066 -0.0622577 0.00677965 -0.0325596 0.000197226
0.991131 0.00830558 0.132632 -0.00655734 0.999886 -0.0136125 -0.13273 0.012622 0.991072 -0.0614213 0.00703201 -0.0330592 0.000256691
0.991121 0.00891037 0.132661 -0.00709256 0.999874 -0.0141689 -0.132771 0.0131022 0.99106 -0.0617902 0.00703466 -0.0334646 0.000232198
0.991106 0.00894684 0.132774 -0.00705466 0.999867 -0.0147147 -0.132888 0.0136471 0.991037 -0.0617139 0.00713345 -0.0339418 0.000144803
0.991174 0.00535025 0.132462 -0.00340251 0.999883 -0.0149261 -0.132527 0.0143437 0.991076 -0.0585401 0.0078012 -0.0344713 0.000166817
0.991178 0.00733373 0.132333 -0.00541958 0.999876 -0.014819 -0.132426 0.0139711 0.991094 -0.0600711 0.00741248 -0.0341599 0.00022012
0.991193 0.0114262 0.131933 -0.00956025 0.999845 -0.0147677 -0.132082 0.0133763 0.991149 -0.0633172 0.00665579 -0.0336265 0.000156938
0.991292 0.0102741 0.131284 -0.00847219 0.999862 -0.0142764 -0.131412 0.0130398 0.991242 -0.0621714 0.00674749 -0.0332582 0.000178808
0.991407 0.00920427 0.130486 -0.00745984 0.999876 -0.0138512 -0.130597 0.0127588 0.991353 -0.0610742 0.00685964 -0.0329028 0.000258567
0.991454 0.00976662 0.130087 -0.00806557 0.999875 -0.0135967 -0.130203 0.0124313 0.991409 -0.0614395 0.0067163 -0.0325789 0.000203415
0.991533 0.0100063 0.129466 -0.00831727 0.999873 -0.0135799 -0.129586 0.0123882 0.991491 -0.0614845 0.00665513 -0.0324481 0.000169465
0.991578 0.00815766 0.129251 -0.00640351 0.999882 -0.0139814 -0.12935 0.013036 0.991513 -0.0598892 0.00705255 -0.0329346 0.000157206
0.99166 0.00875386 0.128585 -0.00702078 0.999878 -0.0139252 -0.128691 0.0129063 0.991601 -0.0602416 0.00693102 -0.0327061 0.00022264
0.991705 0.00811681 0.12828 -0.00635039 0.999879 -0.014173 -0.128379 0.0132409 0.991637 -0.0596585 0.00712996 -0.0329154 0.000218931
0.991747 0.00840764 0.127936 -0.00660366 0.999873 -0.0145183 -0.128041 0.0135537 0.991676 -0.0598398 0.00715479 -0.0331034 0.000198524
0.991854 0.00704822 0.127185 -0.0053031 0.999887 -0.0140546 -0.127269 0.0132656 0.991779 -0.058582 0.00730943 -0.0327238 0.000199997
